num = 20190325020152
Degree

   obs: mean median min max sim: mean median min max    Pr(>z)    
0      200.3  193.0  55 386    216.45  218.5  57 385 0.6915834    
1       92.7   89.5  36 149     81.33   76.0  42 135 0.4169737    
2       62.6   63.0  35  86     59.61   57.0  22  95 0.6625828    
3       54.5   60.5  22  73     50.70   53.0  15  86 0.5137974    
4       30.8   29.5  17  40     32.30   33.0  14  47 0.5560475    
5       19.6   24.5   8  29     19.37   20.0   4  35 0.9374320    
6       13.7   15.5   7  18     14.06   14.5   2  25 0.7862971    
7        9.7    8.0   4  17     10.07    9.0   3  20 0.8084276    
8        7.9    7.5   1  12      7.35    7.0   0  15 0.6596868    
9        6.4    6.5   2  10      6.15    6.0   1  12 0.7685684    
10       2.6    2.5   0   5      3.76    3.5   0   8 0.0674696 .  
11       4.3    5.0   1  10      4.28    4.0   0   9 0.9818522    
12       3.6    3.0   2   7      4.12    4.0   0  10 0.4268950    
13       3.6    3.5   0   6      3.94    4.0   0   8 0.6479859    
14       2.7    2.5   1   6      2.05    2.0   0   5 0.2113992    
15       2.9    1.5   0   7      2.45    2.0   0   6 0.6333142    
16       2.8    3.5   0   6      2.75    2.0   0   8 0.9454440    
17       0.9    1.0   0   2      1.42    1.0   0   7 0.0763043 .  
18       1.5    1.5   0   4      1.07    1.0   0   5 0.2922354    
19       1.3    1.0   0   3      1.47    1.0   0   4 0.6657577    
20       1.3    1.5   0   2      0.88    1.0   0   4 0.1567679    
21       0.6    0.0   0   2      1.00    1.0   0   3 0.1856105    
22       0.5    0.5   0   1      0.64    0.0   0   3 0.4639464    
23       0.0    0.0   0   0      0.16    0.0   0   1 3.408e-05 ***
24       0.8    1.0   0   3      0.62    0.0   0   3 0.5624265    
25       0.7    0.5   0   2      0.42    0.0   0   2 0.3200424    
26       0.3    0.0   0   2      0.15    0.0   0   2 0.5063489    
27       0.2    0.0   0   1      0.30    0.0   0   2 0.4965021    
28       0.1    0.0   0   1      0.30    0.0   0   2 0.0938038 .  
29       0.0    0.0   0   0      0.11    0.0   0   3 0.0156145 *  
30       0.0    0.0   0   0      0.14    0.0   0   2 0.0007519 ***
31       0.2    0.0   0   1      0.16    0.0   0   2 0.7791409    
32       0.3    0.0   0   1      0.27    0.0   0   2 0.8555684    
33       0.4    0.0   0   2      0.33    0.0   0   2 0.7641260    
34       0.0    0.0   0   0      0.11    0.0   0   1 0.0007038 ***
35       0.0    0.0   0   0      0.01    0.0   0   1 0.3197485    
36       0.1    0.0   0   1      0.00    0.0   0   0 0.3434364    
37       0.2    0.0   0   1      0.05    0.0   0   1 0.2942787    
38       0.1    0.0   0   1      0.17    0.0   0   1 0.5251795    
39       0.2    0.0   0   1      0.16    0.0   0   1 0.7781280    
40       0.1    0.0   0   1      0.08    0.0   0   2 0.8519496    
41       0.1    0.0   0   1      0.08    0.0   0   1 0.8507157    
42       0.1    0.0   0   1      0.06    0.0   0   1 0.7053387    
43       0.2    0.0   0   2      0.11    0.0   0   1 0.6666603    
44       0.3    0.0   0   1      0.04    0.0   0   1 0.1245626    
45       0.1    0.0   0   1      0.08    0.0   0   2 0.8519496    
46       0.1    0.0   0   1      0.09    0.0   0   1 0.9252403    
47       0.1    0.0   0   1      0.19    0.0   0   1 0.4188175    
48       0.2    0.0   0   1      0.17    0.0   0   1 0.8327568    
49       0.0    0.0   0   0      0.11    0.0   0   1 0.0007038 ***
50       0.0    0.0   0   0      0.07    0.0   0   1 0.0075026 ** 
51       0.0    0.0   0   0      0.02    0.0   0   1 0.1583399    
52       0.0    0.0   0   0      0.02    0.0   0   1 0.1583399    
53       0.0    0.0   0   0      0.00    0.0   0   0 1.0000000    
54       0.1    0.0   0   1      0.00    0.0   0   0 0.3434364    
55       0.0    0.0   0   0      0.00    0.0   0   0 1.0000000    
56       0.0    0.0   0   0      0.00    0.0   0   0 1.0000000    
57       0.0    0.0   0   0      0.02    0.0   0   1 0.1583399    
58       0.1    0.0   0   1      0.02    0.0   0   1 0.4478589    
59       0.1    0.0   0   1      0.05    0.0   0   1 0.6359084    
60       0.0    0.0   0   0      0.09    0.0   0   1 0.0023040 ** 
61       0.0    0.0   0   0      0.00    0.0   0   0 1.0000000    
62       0.0    0.0   0   0      0.00    0.0   0   0 1.0000000    
63       0.0    0.0   0   0      0.02    0.0   0   1 0.1583399    
64       0.0    0.0   0   0      0.00    0.0   0   0 1.0000000    

Note: Small p-values indicate a significant difference 
      between simulations and observed network(s).

Dyad-wise shared partners

   obs: mean median    min    max sim: mean median    min    max    Pr(>z)    
0   272452.0 272811 264068 280544 272808.74 274257 262704 280382 0.8688138    
1     7524.2   7122   1422  14056   7209.02   5916   1634  14928 0.8483591    
2     1599.2   1576    360   2922   1608.44   1485    316   3244 0.9779287    
3      456.2    445    120    784    424.02    390     86    838 0.7090647    
4      182.6    201     28    320    172.84    159     14    350 0.8071197    
5       75.6     79     12    142     73.42     65      6    162 0.8987132    
6       44.0     56      2     66     39.14     50      2     74 0.5317926    
7       32.2     35      2     62     29.26     34      2     58 0.6375649    
8       16.0     17      2     30     18.50     20      0     36 0.4377956    
9       12.8     14      0     24     11.58     13      0     24 0.6831264    
10      39.4     60      0     68     40.58     62      0     72 0.9108766    
11      31.0     49      0     54     30.86     47      0     64 0.9874372    
12      13.2     20      0     24     12.92     14      0     34 0.9428467    
13       3.4      4      0      8      3.64      4      0     12 0.8230193    
14       2.8      2      0      8      2.22      2      0      8 0.5674492    
15       3.8      4      0      8      3.48      3      0     10 0.7924199    
16       1.2      1      0      4      0.88      0      0      4 0.5006527    
17       0.0      0      0      0      0.24      0      0      2 0.0003873 ***
18       0.2      0      0      2      0.00      0      0      0 0.3434364    
19       0.2      0      0      2      0.02      0      0      2 0.3933760    
20       0.4      0      0      2      0.40      0      0      2 1.0000000    
21       0.2      0      0      2      0.12      0      0      2 0.7053387    
22       0.4      0      0      2      0.34      0      0      2 0.8327568    
23       0.2      0      0      2      0.24      0      0      2 0.8526768    
24       0.8      0      0      4      0.50      0      0      4 0.5259278    
25       0.0      0      0      0      0.44      0      0      4 2.473e-06 ***
26       0.0      0      0      0      0.16      0      0      2 0.0041580 ** 
27       0.0      0      0      0      0.00      0      0      0 1.0000000    

Note: Small p-values indicate a significant difference 
      between simulations and observed network(s).

Edge-wise shared partners

  obs: mean median min  max sim: mean median min  max Pr(>z)
0    1458.4   1525 524 2190    1429.7   1422 508 2270 0.8905
1       0.0      0   0    0       0.0      0   0    0 1.0000

Note: Small p-values indicate a significant difference 
      between simulations and observed network(s).

Geodesic distances

    obs: mean median   min    max sim: mean median   min    max   Pr(>z)   
1      1458.4   1525   524   2190   1429.66   1422   508   2270 0.890532   
2      8990.6   8568  1560  16898   8655.74   7211  1774  18136 0.867907   
3     21066.6  17717  2590  45396  20873.58  15745  3502  49144 0.972401   
4     35722.0  30478  4062  75830  34106.74  27449  4794  80606 0.864235   
5     32110.4  28083  3586  65272  27490.54  25068  3590  59740 0.558687   
6     13462.4  14893  2294  22230  10601.16  12197  1650  20492 0.221834   
7      3745.8   4106   276   7884   3020.84   3213   208   7800 0.463690   
8      1465.0   1666     0   3062    915.58    702     0   3442 0.211771   
9       432.2    468     0   1028    231.10    138     0   1128 0.139330   
10      116.0    101     0    364     52.28     13     0    362 0.143471   
11       24.4      5     0     90      8.72      0     0    112 0.177083   
12        0.0      0     0      0      1.46      0     0     36 0.007491 **
13        0.0      0     0      0      0.22      0     0     12 0.108968   
14        0.0      0     0      0      0.02      0     0      2 0.319748   
15        0.0      0     0      0      0.00      0     0      0 1.000000   
Inf  163898.2 172645 60172 265660 175104.36 185997 57342 266042 0.671384   

Note: Small p-values indicate a significant difference 
      between simulations and observed network(s).









num = 20190227170742
Degree

   obs: mean median min max  sim: mean median min max   Pr(>z)   
0      200.3  193.0  55 386 232.800000  229.0  83 384 0.429055   
1       92.7   89.5  36 149  75.888889   74.0  39 118 0.237613   
2       62.6   63.0  35  86  56.600000   52.5  28  90 0.384416   
3       54.5   60.5  22  73  48.722222   49.0  18  85 0.327690   
4       30.8   29.5  17  40  30.611111   32.0  11  50 0.941187   
5       19.6   24.5   8  29  19.166667   20.5   5  32 0.882296   
6       13.7   15.5   7  18  13.033333   13.0   4  29 0.623205   
7        9.7    8.0   4  17   9.388889    9.0   3  19 0.836308   
8        7.9    7.5   1  12   7.733333    7.0   0  17 0.894880   
9        6.4    6.5   2  10   5.455556    5.0   1  11 0.276820   
10       2.6    2.5   0   5   3.866667    4.0   0   8 0.050488 . 
11       4.3    5.0   1  10   4.266667    4.0   0   9 0.970040   
12       3.6    3.0   2   7   3.522222    3.0   0   9 0.903904   
13       3.6    3.5   0   6   2.755556    3.0   0   7 0.260329   
14       2.7    2.5   1   6   2.733333    3.0   0   6 0.948848   
15       2.9    1.5   0   7   2.900000    2.0   0   8 1.000000   
16       2.8    3.5   0   6   2.244444    2.0   0   6 0.446198   
17       0.9    1.0   0   2   1.588889    1.5   0   4 0.020414 * 
18       1.5    1.5   0   4   1.033333    1.0   0   5 0.257842   
19       1.3    1.0   0   3   1.055556    1.0   0   5 0.538889   
20       1.3    1.5   0   2   1.055556    1.0   0   4 0.403991   
21       0.6    0.0   0   2   0.855556    1.0   0   3 0.389166   
22       0.5    0.5   0   1   0.555556    0.0   0   2 0.766425   
23       0.0    0.0   0   0   0.111111    0.0   0   1 0.001244 **
24       0.8    1.0   0   3   0.277778    0.0   0   2 0.108689   
25       0.7    0.5   0   2   0.411111    0.0   0   2 0.304670   
26       0.3    0.0   0   2   0.555556    0.0   0   3 0.284269   
27       0.2    0.0   0   1   0.244444    0.0   0   2 0.759545   
28       0.1    0.0   0   1   0.077778    0.0   0   1 0.834816   
29       0.0    0.0   0   0   0.077778    0.0   0   1 0.007429 **
30       0.0    0.0   0   0   0.077778    0.0   0   1 0.007429 **
31       0.2    0.0   0   1   0.244444    0.0   0   1 0.758230   
32       0.3    0.0   0   1   0.277778    0.0   0   2 0.892536   
33       0.4    0.0   0   2   0.200000    0.0   0   2 0.396819   
34       0.0    0.0   0   0   0.111111    0.0   0   2 0.003363 **
35       0.0    0.0   0   0   0.055556    0.0   0   1 0.024502 * 
36       0.1    0.0   0   1   0.077778    0.0   0   1 0.834816   
37       0.2    0.0   0   1   0.166667    0.0   0   2 0.816163   
38       0.1    0.0   0   1   0.077778    0.0   0   1 0.834816   
39       0.2    0.0   0   1   0.155556    0.0   0   1 0.754994   
40       0.1    0.0   0   1   0.066667    0.0   0   2 0.756145   
41       0.1    0.0   0   1   0.088889    0.0   0   1 0.917251   
42       0.1    0.0   0   1   0.100000    0.0   0   1 1.000000   
43       0.2    0.0   0   2   0.044444    0.0   0   1 0.458788   
44       0.3    0.0   0   1   0.000000    0.0   0   0 0.081126 . 
45       0.1    0.0   0   1   0.055556    0.0   0   1 0.674902   
46       0.1    0.0   0   1   0.111111    0.0   0   1 0.917928   
47       0.1    0.0   0   1   0.066667    0.0   0   1 0.753704   
48       0.2    0.0   0   1   0.088889    0.0   0   1 0.435368   
49       0.0    0.0   0   0   0.077778    0.0   0   2 0.018771 * 
50       0.0    0.0   0   0   0.066667    0.0   0   1 0.013471 * 
51       0.0    0.0   0   0   0.033333    0.0   0   1 0.083245 . 
52       0.0    0.0   0   0   0.022222    0.0   0   1 0.158456   
53       0.0    0.0   0   0   0.011111    0.0   0   1 0.320022   
54       0.1    0.0   0   1   0.022222    0.0   0   1 0.461001   
55       0.0    0.0   0   0   0.000000    0.0   0   0 1.000000   
56       0.0    0.0   0   0   0.000000    0.0   0   0 1.000000   
57       0.0    0.0   0   0   0.000000    0.0   0   0 1.000000   
58       0.1    0.0   0   1   0.000000    0.0   0   0 0.343436   
59       0.1    0.0   0   1   0.000000    0.0   0   0 0.343436   
60       0.0    0.0   0   0   0.022222    0.0   0   1 0.158456   
61       0.0    0.0   0   0   0.022222    0.0   0   1 0.158456   
62       0.0    0.0   0   0   0.000000    0.0   0   0 1.000000   
63       0.0    0.0   0   0   0.044444    0.0   0   1 0.044869 * 
64       0.0    0.0   0   0   0.022222    0.0   0   1 0.158456   
65       0.0    0.0   0   0   0.000000    0.0   0   0 1.000000   

Note: Small p-values indicate a significant difference 
      between simulations and observed network(s).

Dyad-wise shared partners

   obs: mean median    min    max  sim: mean median    min    max   Pr(>z)   
0   272452.0 272811 264068 280544 2.7375e+05 275030 263438 280408 0.550710   
1     7524.2   7122   1422  14056 6.5275e+03   5427   1644  14212 0.547134   
2     1599.2   1576    360   2922 1.4070e+03   1238    284   3238 0.566794   
3      456.2    445    120    784 4.0336e+02    371    108    820 0.540311   
4      182.6    201     28    320 1.5089e+02    122     18    338 0.433898   
5       75.6     79     12    142 7.2244e+01     65      8    164 0.844761   
6       44.0     56      2     66 3.8289e+01     42      4     70 0.463142   
7       32.2     35      2     62 3.0178e+01     34      0     62 0.748301   
8       16.0     17      2     30 1.5111e+01     17      0     32 0.779242   
9       12.8     14      0     24 1.3444e+01     16      0     28 0.831680   
10      39.4     60      0     68 3.5844e+01     59      0     74 0.737966   
11      31.0     49      0     54 2.7822e+01     44      0     58 0.722116   
12      13.2     20      0     24 1.1578e+01     16      0     30 0.678282   
13       3.4      4      0      8 3.0889e+00      4      0     10 0.771526   
14       2.8      2      0      8 2.5778e+00      2      0     10 0.828068   
15       3.8      4      0      8 3.4444e+00      0      0     10 0.774316   
16       1.2      1      0      4 9.1111e-01      0      0      4 0.544259   
17       0.0      0      0      0 2.2222e-01      0      0      2 0.001244 **
18       0.2      0      0      2 8.8889e-02      0      0      2 0.599330   
19       0.2      0      0      2 2.4444e-01      0      0      2 0.837465   
20       0.4      0      0      2 6.6667e-02      0      0      2 0.246028   
21       0.2      0      0      2 4.4444e-02      0      0      2 0.461001   
22       0.4      0      0      2 5.3333e-01      0      0      2 0.646084   
23       0.2      0      0      2 8.8889e-02      0      0      2 0.599330   
24       0.8      0      0      4 4.4444e-01      0      0      2 0.449181   
25       0.0      0      0      0 2.8889e-01      0      0      4 0.002407 **
26       0.0      0      0      0 0.0000e+00      0      0      0 1.000000   

Note: Small p-values indicate a significant difference 
      between simulations and observed network(s).

Edge-wise shared partners

  obs: mean median min  max sim: mean median min  max Pr(>z)
0    1458.4   1525 524 2190      1347   1362 510 2216 0.5957
1       0.0      0   0    0         0      0   0    0 1.0000

Note: Small p-values indicate a significant difference 
      between simulations and observed network(s).

Geodesic distances

    obs: mean median   min    max  sim: mean median   min    max Pr(>z)  
1      1458.4   1525   524   2190 1.3470e+03   1362   510   2216 0.5957  
2      8990.6   8568  1560  16898 7.7762e+03   6505  1738  17416 0.5482  
3     21066.6  17717  2590  45396 1.8245e+04  14055  3708  46748 0.6130  
4     35722.0  30478  4062  75830 2.9373e+04  22127  5350  73076 0.5031  
5     32110.4  28083  3586  65272 2.4260e+04  22186  4268  50686 0.3260  
6     13462.4  14893  2294  22230 9.9407e+03  10456  2146  19830 0.1412  
7      3745.8   4106   276   7884 3.1276e+03   3337   488   6882 0.5302  
8      1465.0   1666     0   3062 8.8262e+02    817     6   3280 0.1860  
9       432.2    468     0   1028 2.0349e+02    156     0    806 0.0962 .
10      116.0    101     0    364 4.3178e+01     18     0    520 0.0996 .
11       24.4      5     0     90 8.1333e+00      0     0    256 0.1676  
12        0.0      0     0      0 1.3111e+00      0     0     92 0.2055  
13        0.0      0     0      0 1.5556e-01      0     0     12 0.2520  
14        0.0      0     0      0 0.0000e+00      0     0      0 1.0000  
Inf  163898.2 172645 60172 265660 1.8728e+05 195163 81340 263568 0.3810  

Note: Small p-values indicate a significant difference 
      between simulations and observed network(s).
num = 20190305100653
Degree

   obs: mean median min max sim: mean median min max    Pr(>z)    
0      200.3  193.0  55 386    217.57  222.5  61 383  0.671498    
1       92.7   89.5  36 149     79.40   71.5  42 138  0.345435    
2       62.6   63.0  35  86     60.70   62.0  27 100  0.780557    
3       54.5   60.5  22  73     51.18   52.0  17  92  0.567908    
4       30.8   29.5  17  40     30.69   32.5  13  50  0.965380    
5       19.6   24.5   8  29     19.79   21.5   6  34  0.948383    
6       13.7   15.5   7  18     13.96   14.0   3  27  0.846411    
7        9.7    8.0   4  17      9.82    9.0   3  18  0.936642    
8        7.9    7.5   1  12      8.52    8.0   1  16  0.618333    
9        6.4    6.5   2  10      6.39    6.0   0  14  0.990710    
10       2.6    2.5   0   5      3.50    3.0   0   9  0.143382    
11       4.3    5.0   1  10      4.02    4.0   0  10  0.751133    
12       3.6    3.0   2   7      3.17    3.0   0   8  0.495550    
13       3.6    3.5   0   6      4.16    5.0   0   9  0.463225    
14       2.7    2.5   1   6      2.42    2.0   0   7  0.585277    
15       2.9    1.5   0   7      2.54    2.0   0   6  0.703339    
16       2.8    3.5   0   6      2.66    2.0   0   9  0.847975    
17       0.9    1.0   0   2      1.49    1.0   0   7  0.045207 *  
18       1.5    1.5   0   4      1.37    1.0   0   6  0.751794    
19       1.3    1.0   0   3      1.46    1.0   0   5  0.688284    
20       1.3    1.5   0   2      0.98    1.0   0   4  0.271245    
21       0.6    0.0   0   2      0.68    1.0   0   3  0.777103    
22       0.5    0.5   0   1      0.68    0.0   0   3  0.348703    
23       0.0    0.0   0   0      0.48    0.0   0   3 1.328e-11 ***
24       0.8    1.0   0   3      0.60    0.0   0   3  0.520736    
25       0.7    0.5   0   2      0.44    0.0   0   3  0.354776    
26       0.3    0.0   0   2      0.16    0.0   0   2  0.534739    
27       0.2    0.0   0   1      0.08    0.0   0   1  0.399091    
28       0.1    0.0   0   1      0.16    0.0   0   1  0.584162    
29       0.0    0.0   0   0      0.23    0.0   0   1 3.891e-07 ***
30       0.0    0.0   0   0      0.13    0.0   0   2  0.001320 ** 
31       0.2    0.0   0   1      0.05    0.0   0   1  0.294279    
32       0.3    0.0   0   1      0.23    0.0   0   2  0.668866    
33       0.4    0.0   0   2      0.33    0.0   0   2  0.765312    
34       0.0    0.0   0   0      0.18    0.0   0   2 3.012e-05 ***
35       0.0    0.0   0   0      0.04    0.0   0   1  0.044935 *  
36       0.1    0.0   0   1      0.04    0.0   0   1  0.569508    
37       0.2    0.0   0   1      0.19    0.0   0   1  0.943999    
38       0.1    0.0   0   1      0.11    0.0   0   1  0.925739    
39       0.2    0.0   0   1      0.26    0.0   0   1  0.677392    
40       0.1    0.0   0   1      0.05    0.0   0   1  0.635908    
41       0.1    0.0   0   1      0.13    0.0   0   1  0.781457    
42       0.1    0.0   0   1      0.04    0.0   0   1  0.569508    
43       0.2    0.0   0   2      0.04    0.0   0   1  0.446054    
44       0.3    0.0   0   1      0.08    0.0   0   1  0.187932    
45       0.1    0.0   0   1      0.05    0.0   0   1  0.635908    
46       0.1    0.0   0   1      0.10    0.0   0   2  1.000000    
47       0.1    0.0   0   1      0.16    0.0   0   2  0.592724    
48       0.2    0.0   0   1      0.14    0.0   0   2  0.673744    
49       0.0    0.0   0   0      0.10    0.0   0   1  0.001275 ** 
50       0.0    0.0   0   0      0.04    0.0   0   1  0.044935 *  
51       0.0    0.0   0   0      0.01    0.0   0   1  0.319748    
52       0.0    0.0   0   0      0.00    0.0   0   0  1.000000    
53       0.0    0.0   0   0      0.00    0.0   0   0  1.000000    
54       0.1    0.0   0   1      0.00    0.0   0   0  0.343436    
55       0.0    0.0   0   0      0.00    0.0   0   0  1.000000    
56       0.0    0.0   0   0      0.00    0.0   0   0  1.000000    
57       0.0    0.0   0   0      0.01    0.0   0   1  0.319748    
58       0.1    0.0   0   1      0.09    0.0   0   1  0.925240    
59       0.1    0.0   0   1      0.07    0.0   0   1  0.777172    
60       0.0    0.0   0   0      0.03    0.0   0   1  0.083249 .  
61       0.0    0.0   0   0      0.00    0.0   0   0  1.000000    

Note: Small p-values indicate a significant difference 
      between simulations and observed network(s).

Dyad-wise shared partners

   obs: mean median    min    max sim: mean median    min    max    Pr(>z)    
0   272452.0 272811 264068 280544 272953.36 274082 263574 280338 0.8161527    
1     7524.2   7122   1422  14056   7093.12   6074   1638  14426 0.7934226    
2     1599.2   1576    360   2922   1562.26   1432    358   3182 0.9116644    
3      456.2    445    120    784    434.14    415     98    828 0.7976033    
4      182.6    201     28    320    172.18    168     16    336 0.7937524    
5       75.6     79     12    142     74.60     70      6    174 0.9530109    
6       44.0     56      2     66     42.88     44      2     86 0.8857233    
7       32.2     35      2     62     33.24     36      0     62 0.8668561    
8       16.0     17      2     30     18.18     18      0     46 0.5023039    
9       12.8     14      0     24     13.24     16      0     32 0.8846903    
10      39.4     60      0     68     36.62     42      0     72 0.7911017    
11      31.0     49      0     54     31.62     42      0     80 0.9448176    
12      13.2     20      0     24     13.92     17      0     42 0.8548156    
13       3.4      4      0      8      3.74      4      0     12 0.7541581    
14       2.8      2      0      8      2.24      2      0      8 0.5805872    
15       3.8      4      0      8      3.34      3      0     10 0.7057309    
16       1.2      1      0      4      0.96      0      0      6 0.6159310    
17       0.0      0      0      0      0.24      0      0      2 0.0003873 ***
18       0.2      0      0      2      0.08      0      0      2 0.5695076    
19       0.2      0      0      2      0.18      0      0      2 0.9252403    
20       0.4      0      0      2      0.20      0      0      2 0.4813431    
21       0.2      0      0      2      0.58      0      0      2 0.1073727    
22       0.4      0      0      2      0.16      0      0      2 0.3990909    
23       0.2      0      0      2      0.18      0      0      2 0.9252403    
24       0.8      0      0      4      0.22      0      0      4 0.2257913    
25       0.0      0      0      0      0.14      0      0      2 0.0075026 ** 
26       0.0      0      0      0      0.28      0      0      2 0.0001160 ***
27       0.0      0      0      0      0.10      0      0      4 0.0583977 .  
28       0.0      0      0      0      0.00      0      0      0 1.0000000    

Note: Small p-values indicate a significant difference 
      between simulations and observed network(s).

Edge-wise shared partners

  obs: mean median min  max sim: mean median min  max Pr(>z)
0    1458.4   1525 524 2190    1429.1   1446 530 2248 0.8882
1       0.0      0   0    0       0.0      0   0    0 1.0000

Note: Small p-values indicate a significant difference 
      between simulations and observed network(s).

Geodesic distances

    obs: mean median   min    max sim: mean median   min    max  Pr(>z)  
1      1458.4   1525   524   2190   1429.06   1446   530   2248 0.88820  
2      8990.6   8568  1560  16898   8511.04   7362  1782  17346 0.81146  
3     21066.6  17717  2590  45396  20590.94  16525  3238  48902 0.93201  
4     35722.0  30478  4062  75830  33897.72  28052  4580  80664 0.84695  
5     32110.4  28083  3586  65272  27518.54  23921  4094  61476 0.56124  
6     13462.4  14893  2294  22230  10386.06  11578  2192  19154 0.19138  
7      3745.8   4106   276   7884   2909.48   3041   346   7412 0.39900  
8      1465.0   1666     0   3062    806.02    641     0   2962 0.14000  
9       432.2    468     0   1028    197.48    115     0   1016 0.08975 .
10      116.0    101     0    364     51.74     10     0    710 0.14330  
11       24.4      5     0     90     11.16      0     0    198 0.25694  
12        0.0      0     0      0      2.52      0     0     70 0.01291 *
13        0.0      0     0      0      0.48      0     0     18 0.04646 *
14        0.0      0     0      0      0.04      0     0      2 0.15834  
15        0.0      0     0      0      0.00      0     0      0 1.00000  
Inf  163898.2 172645 60172 265660 176179.72 190308 61122 263560 0.64218  

Note: Small p-values indicate a significant difference 
      between simulations and observed network(s).
num = 20190325015013
Degree

   obs: mean median min max sim: mean median min max    Pr(>z)    
0      200.3  193.0  55 386    217.51  222.0  60 379  0.672555    
1       92.7   89.5  36 149     79.46   74.0  40 137  0.347701    
2       62.6   63.0  35  86     59.75   57.0  26  95  0.677011    
3       54.5   60.5  22  73     50.40   52.0  20  82  0.478890    
4       30.8   29.5  17  40     32.66   34.0  13  49  0.469570    
5       19.6   24.5   8  29     20.14   22.0   5  34  0.853721    
6       13.7   15.5   7  18     13.42   13.0   4  29  0.834543    
7        9.7    8.0   4  17      9.42    9.0   3  21  0.852198    
8        7.9    7.5   1  12      8.24    8.0   1  16  0.786387    
9        6.4    6.5   2  10      5.53    5.0   1  12  0.314582    
10       2.6    2.5   0   5      3.98    4.0   0  10  0.035284 *  
11       4.3    5.0   1  10      4.28    5.0   0  10  0.981979    
12       3.6    3.0   2   7      3.94    4.0   0   9  0.589654    
13       3.6    3.5   0   6      3.75    3.5   0   8  0.837807    
14       2.7    2.5   1   6      2.88    3.0   0   8  0.726765    
15       2.9    1.5   0   7      2.48    2.0   0   7  0.656817    
16       2.8    3.5   0   6      2.87    2.0   0  10  0.924004    
17       0.9    1.0   0   2      1.25    1.0   0   4  0.198552    
18       1.5    1.5   0   4      1.32    1.0   0   5  0.654803    
19       1.3    1.0   0   3      1.27    1.0   0   5  0.938906    
20       1.3    1.5   0   2      1.07    1.0   0   4  0.425734    
21       0.6    0.0   0   2      0.87    1.0   0   3  0.357508    
22       0.5    0.5   0   1      0.54    0.0   0   2  0.829500    
23       0.0    0.0   0   0      0.32    0.0   0   2 6.762e-08 ***
24       0.8    1.0   0   3      0.56    0.0   0   3  0.441836    
25       0.7    0.5   0   2      0.40    0.0   0   2  0.289359    
26       0.3    0.0   0   2      0.35    0.0   0   3  0.827030    
27       0.2    0.0   0   1      0.26    0.0   0   2  0.680128    
28       0.1    0.0   0   1      0.15    0.0   0   2  0.654370    
29       0.0    0.0   0   0      0.13    0.0   0   2  0.001320 ** 
30       0.0    0.0   0   0      0.09    0.0   0   1  0.002304 ** 
31       0.2    0.0   0   1      0.11    0.0   0   2  0.527852    
32       0.3    0.0   0   1      0.35    0.0   0   1  0.760725    
33       0.4    0.0   0   2      0.20    0.0   0   2  0.395981    
34       0.0    0.0   0   0      0.17    0.0   0   1 1.833e-05 ***
35       0.0    0.0   0   0      0.10    0.0   0   1  0.001275 ** 
36       0.1    0.0   0   1      0.01    0.0   0   1  0.393376    
37       0.2    0.0   0   1      0.12    0.0   0   1  0.572816    
38       0.1    0.0   0   1      0.23    0.0   0   1  0.253448    
39       0.2    0.0   0   1      0.16    0.0   0   1  0.778128    
40       0.1    0.0   0   1      0.11    0.0   0   2  0.928103    
41       0.1    0.0   0   1      0.10    0.0   0   1  1.000000    
42       0.1    0.0   0   1      0.02    0.0   0   1  0.447859    
43       0.2    0.0   0   2      0.04    0.0   0   2  0.446958    
44       0.3    0.0   0   1      0.05    0.0   0   1  0.138324    
45       0.1    0.0   0   1      0.03    0.0   0   1  0.506678    
46       0.1    0.0   0   1      0.14    0.0   0   2  0.714844    
47       0.1    0.0   0   1      0.15    0.0   0   1  0.646755    
48       0.2    0.0   0   1      0.15    0.0   0   2  0.727007    
49       0.0    0.0   0   0      0.08    0.0   0   1  0.004158 ** 
50       0.0    0.0   0   0      0.05    0.0   0   1  0.024590 *  
51       0.0    0.0   0   0      0.08    0.0   0   1  0.004158 ** 
52       0.0    0.0   0   0      0.02    0.0   0   1  0.158340    
53       0.0    0.0   0   0      0.02    0.0   0   1  0.158340    
54       0.1    0.0   0   1      0.01    0.0   0   1  0.393376    
55       0.0    0.0   0   0      0.01    0.0   0   1  0.319748    
56       0.0    0.0   0   0      0.00    0.0   0   0  1.000000    
57       0.0    0.0   0   0      0.02    0.0   0   1  0.158340    
58       0.1    0.0   0   1      0.04    0.0   0   1  0.569508    
59       0.1    0.0   0   1      0.03    0.0   0   1  0.506678    
60       0.0    0.0   0   0      0.01    0.0   0   1  0.319748    
61       0.0    0.0   0   0      0.09    0.0   0   1  0.002304 ** 
62       0.0    0.0   0   0      0.01    0.0   0   1  0.319748    
63       0.0    0.0   0   0      0.00    0.0   0   0  1.000000    

Note: Small p-values indicate a significant difference 
      between simulations and observed network(s).

Dyad-wise shared partners

   obs: mean median    min    max sim: mean median    min    max    Pr(>z)    
0   272452.0 272811 264068 280544 272671.06 273784 263226 280270  0.919101    
1     7524.2   7122   1422  14056   7323.24   6320   1716  14566  0.902854    
2     1599.2   1576    360   2922   1601.42   1516    342   3108  0.994685    
3      456.2    445    120    784    437.32    407    108    812  0.825540    
4      182.6    201     28    320    174.98    160     22    364  0.848890    
5       75.6     79     12    142     77.86     77      6    170  0.894015    
6       44.0     56      2     66     44.88     50      4     74  0.909096    
7       32.2     35      2     62     31.78     33      0     58  0.945808    
8       16.0     17      2     30     17.96     18      0     38  0.541316    
9       12.8     14      0     24     14.90     16      0     34  0.495195    
10      39.4     60      0     68     38.52     58      0     72  0.933285    
11      31.0     49      0     54     31.68     49      0     64  0.939079    
12      13.2     20      0     24     13.48     20      0     38  0.942701    
13       3.4      4      0      8      3.76      4      0     12  0.738684    
14       2.8      2      0      8      2.28      2      0      8  0.608010    
15       3.8      4      0      8      3.52      4      0     10  0.818478    
16       1.2      1      0      4      0.94      0      0      6  0.587203    
17       0.0      0      0      0      0.04      0      0      2  0.158340    
18       0.2      0      0      2      0.20      0      0      2  1.000000    
19       0.2      0      0      2      0.20      0      0      2  1.000000    
20       0.4      0      0      2      0.28      0      0      2  0.672313    
21       0.2      0      0      2      0.20      0      0      4  1.000000    
22       0.4      0      0      2      0.34      0      0      2  0.832757    
23       0.2      0      0      2      0.18      0      0      2  0.925240    
24       0.8      0      0      4      0.18      0      0      2  0.196782    
25       0.0      0      0      0      0.56      0      0      2 1.279e-08 ***
26       0.0      0      0      0      0.14      0      0      2  0.007503 ** 
27       0.0      0      0      0      0.10      0      0      2  0.024590 *  
28       0.0      0      0      0      0.00      0      0      0  1.000000    

Note: Small p-values indicate a significant difference 
      between simulations and observed network(s).

Edge-wise shared partners

  obs: mean median min  max sim: mean median min  max Pr(>z)
0    1458.4   1525 524 2190    1439.5   1457 552 2264 0.9277
1       0.0      0   0    0       0.0      0   0    0 1.0000

Note: Small p-values indicate a significant difference 
      between simulations and observed network(s).

Geodesic distances

    obs: mean median   min    max sim: mean median   min    max  Pr(>z)  
1      1458.4   1525   524   2190   1439.48   1457   552   2264 0.92774  
2      8990.6   8568  1560  16898   8781.52   7643  1866  17640 0.91718  
3     21066.6  17717  2590  45396  21301.58  17926  3872  48596 0.96635  
4     35722.0  30478  4062  75830  34254.00  27486  5524  79676 0.87643  
5     32110.4  28083  3586  65272  26962.06  23203  4586  59914 0.51506  
6     13462.4  14893  2294  22230  10137.74  11773  2514  18082 0.16025  
7      3745.8   4106   276   7884   2674.32   2777   204   5584 0.28353  
8      1465.0   1666     0   3062    708.92    639     0   2094 0.09484 .
9       432.2    468     0   1028    197.94    110     0   1428 0.09020 .
10      116.0    101     0    364     50.76      7     0    814 0.13854  
11       24.4      5     0     90     10.02      0     0    358 0.22589  
12        0.0      0     0      0      2.68      0     0    140 0.07684 .
13        0.0      0     0      0      0.68      0     0     60 0.26178  
14        0.0      0     0      0      0.42      0     0     42 0.31975  
15        0.0      0     0      0      0.22      0     0     22 0.31975  
16        0.0      0     0      0      0.04      0     0      4 0.31975  
17        0.0      0     0      0      0.00      0     0      0 1.00000  
Inf  163898.2 172645 60172 265660 175969.62 186874 60180 260436 0.64764  

Note: Small p-values indicate a significant difference 
      between simulations and observed network(s).

	  
num = 20190325043235
Degree

   obs: mean median min max sim: mean median min max    Pr(>z)    
0      200.3  193.0  55 386    217.21  221.0  61 376 0.6778576    
1       92.7   89.5  36 149     79.23   72.5  48 133 0.3389253    
2       62.6   63.0  35  86     61.53   59.0  25  99 0.8759738    
3       54.5   60.5  22  73     50.67   52.5  18  84 0.5096670    
4       30.8   29.5  17  40     30.46   31.5  12  46 0.8934722    
5       19.6   24.5   8  29     19.98   21.0   3  34 0.8971632    
6       13.7   15.5   7  18     14.40   16.0   4  23 0.5988175    
7        9.7    8.0   4  17      9.80    9.0   3  21 0.9471640    
8        7.9    7.5   1  12      8.34    8.0   0  16 0.7271241    
9        6.4    6.5   2  10      6.06    6.0   0  12 0.6923675    
10       2.6    2.5   0   5      3.77    4.0   1   8 0.0643979 .  
11       4.3    5.0   1  10      4.11    4.0   0   8 0.8290451    
12       3.6    3.0   2   7      3.43    3.0   0   8 0.7846342    
13       3.6    3.5   0   6      3.91    3.5   0  11 0.6812211    
14       2.7    2.5   1   6      2.43    2.0   0   7 0.5968808    
15       2.9    1.5   0   7      2.48    2.0   0   7 0.6563813    
16       2.8    3.5   0   6      2.75    2.0   0   9 0.9455614    
17       0.9    1.0   0   2      1.47    1.0   0   5 0.0478620 *  
18       1.5    1.5   0   4      1.59    1.0   0   5 0.8260461    
19       1.3    1.0   0   3      1.07    1.0   0   4 0.5601083    
20       1.3    1.5   0   2      1.01    1.0   0   4 0.3172015    
21       0.6    0.0   0   2      0.96    1.0   0   3 0.2254742    
22       0.5    0.5   0   1      0.53    0.0   0   3 0.8709345    
23       0.0    0.0   0   0      0.25    0.0   0   1 1.017e-07 ***
24       0.8    1.0   0   3      0.66    0.0   0   3 0.6513947    
25       0.7    0.5   0   2      0.48    0.0   0   2 0.4303609    
26       0.3    0.0   0   2      0.22    0.0   0   2 0.7223566    
27       0.2    0.0   0   1      0.15    0.0   0   1 0.7245547    
28       0.1    0.0   0   1      0.15    0.0   0   1 0.6467551    
29       0.0    0.0   0   0      0.16    0.0   0   2 0.0001013 ***
30       0.0    0.0   0   0      0.10    0.0   0   2 0.0034155 ** 
31       0.2    0.0   0   1      0.18    0.0   0   2 0.8886714    
32       0.3    0.0   0   1      0.26    0.0   0   2 0.8082022    
33       0.4    0.0   0   2      0.22    0.0   0   1 0.4429496    
34       0.0    0.0   0   0      0.20    0.0   0   2 0.0001737 ***
35       0.0    0.0   0   0      0.06    0.0   0   1 0.0135568 *  
36       0.1    0.0   0   1      0.01    0.0   0   1 0.3933760    
37       0.2    0.0   0   1      0.09    0.0   0   2 0.4410106    
38       0.1    0.0   0   1      0.14    0.0   0   1 0.7126533    
39       0.2    0.0   0   1      0.22    0.0   0   2 0.8892904    
40       0.1    0.0   0   1      0.04    0.0   0   1 0.5695076    
41       0.1    0.0   0   1      0.05    0.0   0   1 0.6359084    
42       0.1    0.0   0   1      0.15    0.0   0   1 0.6467551    
43       0.2    0.0   0   2      0.06    0.0   0   1 0.5040830    
44       0.3    0.0   0   1      0.05    0.0   0   1 0.1383240    
45       0.1    0.0   0   1      0.12    0.0   0   1 0.8526768    
46       0.1    0.0   0   1      0.09    0.0   0   1 0.9252403    
47       0.1    0.0   0   1      0.09    0.0   0   1 0.9252403    
48       0.2    0.0   0   1      0.15    0.0   0   1 0.7245547    
49       0.0    0.0   0   0      0.09    0.0   0   1 0.0023040 ** 
50       0.0    0.0   0   0      0.07    0.0   0   1 0.0075026 ** 
51       0.0    0.0   0   0      0.06    0.0   0   1 0.0135568 *  
52       0.0    0.0   0   0      0.04    0.0   0   1 0.0449347 *  
53       0.0    0.0   0   0      0.00    0.0   0   0 1.0000000    
54       0.1    0.0   0   1      0.00    0.0   0   0 0.3434364    
55       0.0    0.0   0   0      0.00    0.0   0   0 1.0000000    
56       0.0    0.0   0   0      0.00    0.0   0   0 1.0000000    
57       0.0    0.0   0   0      0.02    0.0   0   1 0.1583399    
58       0.1    0.0   0   1      0.02    0.0   0   1 0.4478589    
59       0.1    0.0   0   1      0.03    0.0   0   1 0.5066781    
60       0.0    0.0   0   0      0.04    0.0   0   1 0.0449347 *  
61       0.0    0.0   0   0      0.05    0.0   0   1 0.0245895 *  
62       0.0    0.0   0   0      0.03    0.0   0   1 0.0832486 .  
63       0.0    0.0   0   0      0.00    0.0   0   0 1.0000000    
64       0.0    0.0   0   0      0.01    0.0   0   1 0.3197485    
65       0.0    0.0   0   0      0.00    0.0   0   0 1.0000000    

Note: Small p-values indicate a significant difference 
      between simulations and observed network(s).

Dyad-wise shared partners

   obs: mean median    min    max sim: mean median    min    max   Pr(>z)   
0   272452.0 272811 264068 280544 272807.48 274296 263116 280320 0.869274   
1     7524.2   7122   1422  14056   7223.40   5867   1722  14716 0.855234   
2     1599.2   1576    360   2922   1581.26   1480    294   3086 0.957073   
3      456.2    445    120    784    429.72    382     88    842 0.758737   
4      182.6    201     28    320    172.88    153     20    360 0.808046   
5       75.6     79     12    142     76.54     72      6    148 0.955952   
6       44.0     56      2     66     42.20     48      0     76 0.816648   
7       32.2     35      2     62     33.18     37      2     66 0.875915   
8       16.0     17      2     30     15.40     14      0     38 0.849444   
9       12.8     14      0     24     11.00     12      0     28 0.552940   
10      39.4     60      0     68     38.00     47      0     82 0.893968   
11      31.0     49      0     54     33.50     46      0     76 0.781540   
12      13.2     20      0     24     14.08     20      0     34 0.821974   
13       3.4      4      0      8      3.96      4      0     14 0.606093   
14       2.8      2      0      8      2.46      2      0     10 0.738870   
15       3.8      4      0      8      3.46      3      0     10 0.780271   
16       1.2      1      0      4      0.98      0      0      6 0.647498   
17       0.0      0      0      0      0.20      0      0      2 0.001275 **
18       0.2      0      0      2      0.22      0      0      2 0.925739   
19       0.2      0      0      2      0.24      0      0      2 0.852677   
20       0.4      0      0      2      0.18      0      0      2 0.439011   
21       0.2      0      0      2      0.14      0      0      2 0.777172   
22       0.4      0      0      2      0.30      0      0      2 0.724555   
23       0.2      0      0      2      0.50      0      0      2 0.192801   
24       0.8      0      0      4      0.30      0      0      2 0.291885   
25       0.0      0      0      0      0.14      0      0      2 0.007503 **
26       0.0      0      0      0      0.18      0      0      2 0.002304 **
27       0.0      0      0      0      0.10      0      0      2 0.024590 * 
28       0.0      0      0      0      0.00      0      0      0 1.000000   

Note: Small p-values indicate a significant difference 
      between simulations and observed network(s).

Edge-wise shared partners

  obs: mean median min  max sim: mean median min  max Pr(>z)
0    1458.4   1525 524 2190      1432   1423 540 2254 0.8994
1       0.0      0   0    0         0      0   0    0 1.0000

Note: Small p-values indicate a significant difference 
      between simulations and observed network(s).

Geodesic distances

    obs: mean median   min    max sim: mean median   min    max  Pr(>z)  
1      1458.4   1525   524   2190   1432.00   1423   540   2254 0.89942  
2      8990.6   8568  1560  16898   8657.34   7172  1834  17766 0.86854  
3     21066.6  17717  2590  45396  20979.62  15986  3712  47850 0.98756  
4     35722.0  30478  4062  75830  34009.16  25768  5326  79060 0.85611  
5     32110.4  28083  3586  65272  26976.84  22819  4364  61334 0.51640  
6     13462.4  14893  2294  22230  10370.18  11627  2216  19762 0.18927  
7      3745.8   4106   276   7884   2988.64   2847   150   7812 0.44466  
8      1465.0   1666     0   3062    900.66    794     0   3454 0.20049  
9       432.2    468     0   1028    219.34    158     0    970 0.11907  
10      116.0    101     0    364     48.12     17     0    362 0.12021  
11       24.4      5     0     90      8.12      0     0    116 0.16149  
12        0.0      0     0      0      1.64      0     0     62 0.05876 .
13        0.0      0     0      0      0.26      0     0     12 0.09620 .
14        0.0      0     0      0      0.02      0     0      2 0.31975  
15        0.0      0     0      0      0.00      0     0      0 1.00000  
Inf  163898.2 172645 60172 265660 175900.06 189384 61122 262976 0.64964  

Note: Small p-values indicate a significant difference 
      between simulations and observed network(s).