nsim = 3600

> gfl$deg
   o.min  o.q1 o.mean o.med   o.q3 o.max s.min s.q1       s.mean s.med s.q3 s.max        Pr(>z)  .
0     55 99.50  200.3 193.0 296.25   386    55  126 2.153675e+02   215  310   386  7.026110e-01   
1     36 59.00   92.7  89.5 124.50   149    34   60 8.078194e+01    74  100   143  3.889420e-01   
2     35 47.00   62.6  63.0  82.50    86    24   42 6.110000e+01    58   80   108  8.181814e-01   
3     22 42.25   54.5  60.5  65.50    73     9   35 5.081639e+01    54   66    89  5.053553e-01   
4     17 27.50   30.8  29.5  37.00    40     7   25 3.129861e+01    32   38    54  8.357781e-01   
5      8 10.25   19.6  24.5  26.00    29     2   13 2.014083e+01    21   26    40  8.492284e-01   
6      7 11.25   13.7  15.5  16.00    18     1    9 1.390778e+01    14   18    31  8.638083e-01   
7      4  6.25    9.7   8.0  13.50    17     0    7 1.019306e+01    10   13    24  7.357438e-01   
8      1  6.25    7.9   7.5  11.50    12     0    6 7.995556e+00     8   10    18  9.366787e-01   
9      2  4.50    6.4   6.5   8.00    10     0    4 5.886667e+00     6    8    15  5.334419e-01   
10     0  1.25    2.6   2.5   3.75     5     0    2 3.701944e+00     4    5    11  7.258900e-02   
11     1  2.50    4.3   5.0   5.00    10     0    2 4.112778e+00     4    6    12  8.268531e-01   
12     2  2.00    3.6   3.0   4.75     7     0    2 3.769167e+00     4    5    12  7.779512e-01   
13     0  2.25    3.6   3.5   5.75     6     0    2 3.673611e+00     4    5    11  9.170569e-01   
14     1  2.00    2.7   2.5   3.00     6     0    1 2.711667e+00     2    4     9  9.808746e-01   
15     0  1.00    2.9   1.5   5.50     7     0    1 2.575833e+00     2    4    10  7.271533e-01   
16     0  1.00    2.8   3.5   4.00     6     0    1 2.568889e+00     2    4    10  7.419566e-01   
17     0  0.25    0.9   1.0   1.00     2     0    1 1.502222e+00     1    2     7  2.978522e-02 * 
18     0  1.00    1.5   1.5   2.00     4     0    0 1.281389e+00     1    2     8  5.724039e-01   
19     0  0.25    1.3   1.0   2.00     3     0    0 1.235556e+00     1    2     5  8.645337e-01   
20     0  1.00    1.3   1.5   2.00     2     0    0 1.084722e+00     1    2     5  4.304851e-01   
21     0  0.00    0.6   0.0   1.00     2     0    0 8.361111e-01     1    1     5  3.995264e-01   
22     0  0.00    0.5   0.5   1.00     1     0    0 5.250000e-01     0    1     4  8.843244e-01   
23     0  0.00    0.0   0.0   0.00     0     0    0 3.597222e-01     0    1     3 9.136498e-253 * 
24     0  0.00    0.8   1.0   1.00     3     0    0 5.591667e-01     0    1     4  4.290015e-01   
25     0  0.00    0.7   0.5   1.00     2     0    0 4.158333e-01     0    1     4  3.036901e-01   
26     0  0.00    0.3   0.0   0.00     2     0    0 3.133333e-01     0    1     3  9.515941e-01   
27     0  0.00    0.2   0.0   0.00     1     0    0 2.558333e-01     0    0     3  6.856886e-01   
28     0  0.00    0.1   0.0   0.00     1     0    0 1.666667e-01     0    0     2  5.224380e-01   
29     0  0.00    0.0   0.0   0.00     0     0    0 1.338889e-01     0    0     3  4.744978e-91 * 
30     0  0.00    0.0   0.0   0.00     0     0    0 1.144444e-01     0    0     3  6.295930e-73 * 
31     0  0.00    0.2   0.0   0.00     1     0    0 1.636111e-01     0    0     3  7.912969e-01   
32     0  0.00    0.3   0.0   0.75     1     0    0 2.002778e-01     0    0     2  5.305413e-01   
33     0  0.00    0.4   0.0   0.75     2     0    0 2.738889e-01     0    1     3  5.826131e-01   
34     0  0.00    0.0   0.0   0.00     0     0    0 1.741667e-01     0    0     2 1.004371e-133 * 
35     0  0.00    0.0   0.0   0.00     0     0    0 6.916667e-02     0    0     2  2.305817e-55 * 
36     0  0.00    0.1   0.0   0.00     1     0    0 2.361111e-02     0    0     2  4.646047e-01   
37     0  0.00    0.2   0.0   0.00     1     0    0 8.527778e-02     0    0     2  4.121238e-01   
38     0  0.00    0.1   0.0   0.00     1     0    0 1.258333e-01     0    0     2  8.022281e-01   
39     0  0.00    0.2   0.0   0.00     1     0    0 1.691667e-01     0    0     2  8.224865e-01   
40     0  0.00    0.1   0.0   0.00     1     0    0 1.252778e-01     0    0     2  8.064086e-01   
41     0  0.00    0.1   0.0   0.00     1     0    0 1.383333e-01     0    0     2  7.107883e-01   
42     0  0.00    0.1   0.0   0.00     1     0    0 9.138889e-02     0    0     2  9.333324e-01   
43     0  0.00    0.2   0.0   0.00     2     0    0 5.611111e-02     0    0     2  4.901951e-01   
44     0  0.00    0.3   0.0   0.75     1     0    0 5.527778e-02     0    0     2  1.436745e-01   
45     0  0.00    0.1   0.0   0.00     1     0    0 6.222222e-02     0    0     2  7.145537e-01   
46     0  0.00    0.1   0.0   0.00     1     0    0 1.344444e-01     0    0     2  7.388249e-01   
47     0  0.00    0.1   0.0   0.00     1     0    0 1.563889e-01     0    0     2  5.872679e-01   
48     0  0.00    0.2   0.0   0.00     1     0    0 1.130556e-01     0    0     2  5.309404e-01   
49     0  0.00    0.0   0.0   0.00     0     0    0 7.166667e-02     0    0     2  3.290251e-56 * 
50     0  0.00    0.0   0.0   0.00     0     0    0 4.194444e-02     0    0     2  2.873095e-33 * 
51     0  0.00    0.0   0.0   0.00     0     0    0 3.000000e-02     0    0     1  1.194479e-25 * 
52     0  0.00    0.0   0.0   0.00     0     0    0 2.388889e-02     0    0     2  2.973637e-20 * 
53     0  0.00    0.0   0.0   0.00     0     0    0 1.361111e-02     0    0     2  5.879832e-12 * 
54     0  0.00    0.1   0.0   0.00     1     0    0 8.055556e-03     0    0     1  3.818854e-01   
55     0  0.00    0.0   0.0   0.00     0     0    0 8.611111e-03     0    0     1  2.424001e-08 * 
56     0  0.00    0.0   0.0   0.00     0     0    0 1.194444e-02     0    0     1  4.839956e-11 * 
57     0  0.00    0.0   0.0   0.00     0     0    0 2.500000e-02     0    0     1  1.361671e-21 * 
58     0  0.00    0.1   0.0   0.00     1     0    0 3.472222e-02     0    0     1  5.303760e-01   
59     0  0.00    0.1   0.0   0.00     1     0    0 3.750000e-02     0    0     1  5.476541e-01   
60     0  0.00    0.0   0.0   0.00     0     0    0 3.222222e-02     0    0     1  1.859798e-27 * 
61     0  0.00    0.0   0.0   0.00     0     0    0 2.333333e-02     0    0     1  3.044432e-20 * 
62     0  0.00    0.0   0.0   0.00     0     0    0 1.805556e-02     0    0     1  5.618148e-16 * 
63     0  0.00    0.0   0.0   0.00     0     0    0 7.500000e-03     0    0     1  1.941528e-07 * 
64     0  0.00    0.0   0.0   0.00     0     0    0 5.277778e-03     0    0     1  1.278473e-05 * 
65     0  0.00    0.0   0.0   0.00     0     0    0 1.388889e-03     0    0     1  2.532696e-02 * 
66     0  0.00    0.0   0.0   0.00     0     0    0 1.388889e-03     0    0     1  2.532696e-02 * 
69     0  0.00    0.0   0.0   0.00     0     0    0 2.777778e-04     0    0     1  3.173777e-01   

> gfl$dsp
    o.min     o.q1   o.mean  o.med     o.q3  o.max  s.min   s.q1       s.mean  s.med     s.q3  s.max        Pr(>z)  .
0  264068 266859.5 272452.0 272811 278214.5 280544 262300 268124 2.727853e+05 274017 278282.0 280564  8.729063e-01   
1    1422   3175.0   7524.2   7122  11730.0  14056   1440   3198 7.252510e+03   6113  10617.5  15600  8.644813e-01   
2     360    691.5   1599.2   1576   2495.0   2922    280    634 1.579556e+03   1462   2426.0   3346  9.511079e-01   
3     120    225.5    456.2    445    692.5    784     72    206 4.294928e+02    402    626.0    876  7.473230e-01   
4      28     64.0    182.6    201    288.0    320     12     64 1.703133e+02    157    278.5    362  7.503289e-01   
5      12     27.5     75.6     79    114.5    142      4     26 7.608722e+01     74    126.0    194  9.761914e-01   
6       2     34.0     44.0     56     59.0     66      0     22 4.149944e+01     48     58.0     94  7.372352e-01   
7       2     21.5     32.2     35     42.5     62      0     14 3.114556e+01     36     44.0     70  8.602885e-01   
8       2     11.0     16.0     17     23.0     30      0     10 1.705056e+01     18     24.0     52  7.291161e-01   
9       0      5.0     12.8     14     21.0     24      0      4 1.308389e+01     14     20.0     68  9.220125e-01   
10      0      4.0     39.4     60     64.0     68      0      2 3.823778e+01     58     64.0     80  9.086206e-01   
11      0      0.5     31.0     49     51.5     54      0      0 3.151667e+01     48     52.0     96  9.519131e-01   
12      0      0.0     13.2     20     23.0     24      0      0 1.293111e+01     18     22.0     48  9.426313e-01   
13      0      0.0      3.4      4      6.0      8      0      0 3.889444e+00      4      6.0     18  6.337988e-01   
14      0      0.0      2.8      2      5.5      8      0      0 2.511111e+00      2      4.0     12  7.686868e-01   
15      0      0.0      3.8      4      7.5      8      0      0 3.542778e+00      4      6.0     12  8.257337e-01   
16      0      0.0      1.2      1      2.0      4      0      0 8.616667e-01      0      2.0      8  4.642550e-01   
17      0      0.0      0.0      0      0.0      0      0      0 2.027778e-01      0      0.0      4  5.723873e-79 * 
18      0      0.0      0.2      0      0.0      2      0      0 1.711111e-01      0      0.0      4  8.884398e-01   
19      0      0.0      0.2      0      0.0      2      0      0 3.027778e-01      0      0.0      2  6.202366e-01   
20      0      0.0      0.4      0      0.0      2      0      0 1.972222e-01      0      0.0      4  4.667170e-01   
21      0      0.0      0.2      0      0.0      2      0      0 1.594444e-01      0      0.0      4  8.439668e-01   
22      0      0.0      0.4      0      0.0      2      0      0 2.755556e-01      0      0.0      4  6.520959e-01   
23      0      0.0      0.2      0      0.0      2      0      0 2.977778e-01      0      0.0      4  6.371194e-01   
24      0      0.0      0.8      0      1.5      4      0      0 4.433333e-01      0      0.0      4  4.409332e-01   
25      0      0.0      0.0      0      0.0      0      0      0 2.794444e-01      0      0.0      4 2.219710e-108 * 
26      0      0.0      0.0      0      0.0      0      0      0 1.150000e-01      0      0.0      4  4.629825e-46 * 
27      0      0.0      0.0      0      0.0      0      0      0 2.722222e-02      0      0.0      2  2.178803e-12 * 
28      0      0.0      0.0      0      0.0      0      0      0 7.777778e-03      0      0.0      2  1.807372e-04 * 
30      0      0.0      0.0      0      0.0      0      0      0 5.555556e-04      0      0.0      2  3.173777e-01   

> gfl$esp
   o.min  o.q1 o.mean o.med  o.q3 o.max s.min  s.q1       s.mean s.med  s.q3 s.max        Pr(>z)  .
0    136 271.5  409.0   412 546.0   654   162 269.5 4.064089e+02   402 512.0   702  9.650035e-01   
1    194 260.5  375.6   358 503.5   556   144 258.0 3.847178e+02   356 526.5   660  8.386823e-01   
2    102 186.5  252.4   283 312.5   350    70 156.0 2.356922e+02   248 310.0   404  5.466777e-01   
3     60  71.5  132.4   120 196.5   214    26  72.0 1.252472e+02   116 184.0   252  7.318504e-01   
4     16  33.5   75.2    84 107.0   128     6  34.0 7.115167e+01    68 108.0   156  7.740037e-01   
5     12  20.5   41.4    47  55.5    70     2  20.0 4.128944e+01    44  60.0    94  9.872742e-01   
6      0  16.5   29.2    34  40.5    52     0  12.0 2.822333e+01    32  40.0    62  8.636920e-01   
7      2  11.0   25.2    23  31.0    62     0  12.0 2.434611e+01    22  32.0    68  8.862801e-01   
8      2  10.5   14.4    15  21.0    26     0  10.0 1.500611e+01    16  22.0    48  8.196709e-01   
9      0   4.5    9.4     9  15.5    18     0   4.0 1.005444e+01    10  14.0    62  7.541440e-01   
10     0   4.0   38.2    58  62.0    66     0   2.0 3.685111e+01    56  62.0    80  8.904489e-01   
11     0   0.5   30.8    49  50.0    54     0   0.0 3.131111e+01    48  52.0    96  9.521200e-01   
12     0   0.0   12.6    20  21.5    22     0   0.0 1.256722e+01    18  22.0    46  9.926123e-01   
13     0   0.0    3.2     4   6.0     6     0   0.0 3.431667e+00     4   6.0    16  8.038773e-01   
14     0   0.0    2.0     2   3.5     6     0   0.0 2.272778e+00     2   4.0    10  6.923856e-01   
15     0   0.0    3.8     4   7.5     8     0   0.0 3.380556e+00     4   6.0    12  7.201643e-01   
16     0   0.0    1.2     1   2.0     4     0   0.0 8.105556e-01     0   2.0     8  4.018237e-01   
17     0   0.0    0.0     0   0.0     0     0   0.0 1.861111e-01     0   0.0     4  1.187899e-72 * 
18     0   0.0    0.2     0   0.0     2     0   0.0 1.677778e-01     0   0.0     2  8.756810e-01   
19     0   0.0    0.2     0   0.0     2     0   0.0 3.027778e-01     0   0.0     2  6.202366e-01   
20     0   0.0    0.4     0   0.0     2     0   0.0 1.972222e-01     0   0.0     4  4.667170e-01   
21     0   0.0    0.2     0   0.0     2     0   0.0 1.594444e-01     0   0.0     4  8.439668e-01   
22     0   0.0    0.4     0   0.0     2     0   0.0 2.755556e-01     0   0.0     4  6.520959e-01   
23     0   0.0    0.2     0   0.0     2     0   0.0 2.977778e-01     0   0.0     4  6.371194e-01   
24     0   0.0    0.8     0   1.5     4     0   0.0 4.433333e-01     0   0.0     4  4.409332e-01   
25     0   0.0    0.0     0   0.0     0     0   0.0 2.794444e-01     0   0.0     4 2.219710e-108 * 
26     0   0.0    0.0     0   0.0     0     0   0.0 1.150000e-01     0   0.0     4  4.629825e-46 * 
27     0   0.0    0.0     0   0.0     0     0   0.0 2.722222e-02     0   0.0     2  2.178803e-12 * 
28     0   0.0    0.0     0   0.0     0     0   0.0 7.777778e-03     0   0.0     2  1.807372e-04 * 
30     0   0.0    0.0     0   0.0     0     0   0.0 5.555556e-04     0   0.0     2  3.173777e-01   

> gfl$geodesic
    o.min    o.q1   o.mean  o.med     o.q3  o.max s.min     s.q1       s.mean  s.med     s.q3  s.max       Pr(>z)  .
1     524   933.0   1458.4   1525   1996.5   2190   508    892.0 1.435222e+03   1450   1944.0   2284 9.083458e-01   
2    1560  3616.0   8990.6   8568  14182.0  16898  1590   3590.0 8.677896e+03   7432  12934.5  18602 8.721308e-01   
3    2590  6509.0  21066.6  17717  34580.5  45396  2908   7683.5 2.104366e+04  16872  30059.5  52776 9.966032e-01   
4    4062 10850.5  35722.0  30478  59357.0  75830  4304  12059.0 3.437369e+04  27575  50033.0  84424 8.827867e-01   
5    3586 11973.5  32110.4  28083  51905.0  65272  3756  10764.5 2.743693e+04  24018  42354.0  64692 5.448853e-01   
6    2294  8667.0  13462.4  14893  18420.5  22230  1562   6065.0 1.057596e+04  11808  14080.0  21122 2.108087e-01   
7     276   731.5   3745.8   4106   5984.0   7884    72   1261.5 2.954985e+03   2960   4372.0   8758 4.177772e-01   
8       0   110.0   1465.0   1666   2464.5   3062     0    316.0 8.400322e+02    713   1210.5   4422 1.558313e-01   
9       0    40.5    432.2    468    653.0   1028     0     26.0 2.008972e+02    124    298.0   1634 9.109571e-02   
10      0     6.5    116.0    101    158.0    364     0      0.0 4.473278e+01     10     52.0    836 1.025529e-01   
11      0     0.0     24.4      5     51.0     90     0      0.0 8.990000e+00      0      4.0    500 1.785208e-01   
12      0     0.0      0.0      0      0.0      0     0      0.0 1.761667e+00      0      0.0    444 2.389567e-17 * 
13      0     0.0      0.0      0      0.0      0     0      0.0 3.922222e-01      0      0.0    254 1.374125e-05 * 
14      0     0.0      0.0      0      0.0      0     0      0.0 8.333333e-02      0      0.0     82 3.299362e-03 * 
15      0     0.0      0.0      0      0.0      0     0      0.0 1.555556e-02      0      0.0     12 1.478572e-02 * 
16      0     0.0      0.0      0      0.0      0     0      0.0 2.777778e-03      0      0.0      6 1.316875e-01   
Inf 60172 97118.0 163898.2 172645 230265.5 265660 55440 122088.0 1.748968e+05 186063 237312.0 264636 6.679651e-01  