4780 simulations done.


> gfl$deg
   o.min  o.q1 o.mean o.med   o.q3 o.max s.min s.q1       s.mean s.med s.q3 s.max        Pr(>z)  .
0     55 99.50  200.3 193.0 296.25   386    52  126 2.153751e+02 212.5  310   386  7.024080e-01   
1     36 59.00   92.7  89.5 124.50   149    34   60 8.076715e+01  74.0  100   143  3.883314e-01   
2     35 47.00   62.6  63.0  82.50    86    24   42 6.109770e+01  58.0   81   108  8.178502e-01   
3     22 42.25   54.5  60.5  65.50    73     9   35 5.079707e+01  54.0   66    93  5.030426e-01   
4     17 27.50   30.8  29.5  37.00    40     7   25 3.131715e+01  32.0   38    55  8.297027e-01   
5      8 10.25   19.6  24.5  26.00    29     2   13 2.015126e+01  21.0   26    40  8.463291e-01   
6      7 11.25   13.7  15.5  16.00    18     1    9 1.388033e+01  14.0   18    31  8.815531e-01   
7      4  6.25    9.7   8.0  13.50    17     0    7 1.022176e+01  10.0   14    24  7.210180e-01   
8      1  6.25    7.9   7.5  11.50    12     0    6 7.970293e+00   8.0   10    18  9.533812e-01   
9      2  4.50    6.4   6.5   8.00    10     0    4 5.891423e+00   6.0    8    16  5.370165e-01   
10     0  1.25    2.6   2.5   3.75     5     0    2 3.736402e+00   4.0    5    11  6.543802e-02   
11     1  2.50    4.3   5.0   5.00    10     0    3 4.130962e+00   4.0    6    12  8.433704e-01   
12     2  2.00    3.6   3.0   4.75     7     0    2 3.740167e+00   4.0    5    12  8.150518e-01   
13     0  2.25    3.6   3.5   5.75     6     0    2 3.673640e+00   4.0    5    13  9.169991e-01   
14     1  2.00    2.7   2.5   3.00     6     0    1 2.716527e+00   2.0    4    11  9.728992e-01   
15     0  1.00    2.9   1.5   5.50     7     0    1 2.562762e+00   2.0    4    10  7.166592e-01   
16     0  1.00    2.8   3.5   4.00     6     0    1 2.559833e+00   2.0    4    10  7.322274e-01   
17     0  0.25    0.9   1.0   1.00     2     0    1 1.515272e+00   1.0    2     7  2.713828e-02 * 
18     0  1.00    1.5   1.5   2.00     4     0    0 1.269456e+00   1.0    2     8  5.519035e-01   
19     0  0.25    1.3   1.0   2.00     3     0    0 1.240795e+00   1.0    2     5  8.754014e-01   
20     0  1.00    1.3   1.5   2.00     2     0    0 1.102092e+00   1.0    2     5  4.671988e-01   
21     0  0.00    0.6   0.0   1.00     2     0    0 8.194561e-01   1.0    1     5  4.322020e-01   
22     0  0.00    0.5   0.5   1.00     1     0    0 5.317992e-01   0.0    1     4  8.531652e-01   
23     0  0.00    0.0   0.0   0.00     0     0    0 3.552301e-01   0.0    1     3  0.000000e+00 * 
24     0  0.00    0.8   1.0   1.00     3     0    0 5.543933e-01   0.0    1     4  4.201563e-01   
25     0  0.00    0.7   0.5   1.00     2     0    0 4.167364e-01   0.0    1     4  3.050684e-01   
26     0  0.00    0.3   0.0   0.00     2     0    0 3.213389e-01   0.0    1     3  9.226032e-01   
27     0  0.00    0.2   0.0   0.00     1     0    0 2.518828e-01   0.0    0     3  7.065620e-01   
28     0  0.00    0.1   0.0   0.00     1     0    0 1.696653e-01   0.0    0     2  5.041754e-01   
29     0  0.00    0.0   0.0   0.00     0     0    0 1.282427e-01   0.0    0     3 6.406550e-117 * 
30     0  0.00    0.0   0.0   0.00     0     0    0 1.121339e-01   0.0    0     3  5.124820e-95 * 
31     0  0.00    0.2   0.0   0.00     1     0    0 1.682008e-01   0.0    0     3  8.169907e-01   
32     0  0.00    0.3   0.0   0.75     1     0    0 2.052301e-01   0.0    0     2  5.506411e-01   
33     0  0.00    0.4   0.0   0.75     2     0    0 2.730126e-01   0.0    0     3  5.799874e-01   
34     0  0.00    0.0   0.0   0.00     0     0    0 1.728033e-01   0.0    0     2 1.422101e-175 * 
35     0  0.00    0.0   0.0   0.00     0     0    0 7.008368e-02   0.0    0     2  1.684942e-73 * 
36     0  0.00    0.1   0.0   0.00     1     0    0 2.510460e-02   0.0    0     2  4.730966e-01   
37     0  0.00    0.2   0.0   0.00     1     0    0 8.514644e-02   0.0    0     2  4.115502e-01   
38     0  0.00    0.1   0.0   0.00     1     0    0 1.221757e-01   0.0    0     2  8.296232e-01   
39     0  0.00    0.2   0.0   0.00     1     0    0 1.694561e-01   0.0    0     2  8.240730e-01   
40     0  0.00    0.1   0.0   0.00     1     0    0 1.274059e-01   0.0    0     2  7.904668e-01   
41     0  0.00    0.1   0.0   0.00     1     0    0 1.338912e-01   0.0    0     2  7.427313e-01   
42     0  0.00    0.1   0.0   0.00     1     0    0 9.142259e-02   0.0    0     2  9.335763e-01   
43     0  0.00    0.2   0.0   0.00     2     0    0 6.066946e-02   0.0    0     2  5.036695e-01   
44     0  0.00    0.3   0.0   0.75     1     0    0 5.564854e-02   0.0    0     2  1.441941e-01   
45     0  0.00    0.1   0.0   0.00     1     0    0 6.255230e-02   0.0    0     2  7.168708e-01   
46     0  0.00    0.1   0.0   0.00     1     0    0 1.353556e-01   0.0    0     2  7.321251e-01   
47     0  0.00    0.1   0.0   0.00     1     0    0 1.577406e-01   0.0    0     2  5.783290e-01   
48     0  0.00    0.2   0.0   0.00     1     0    0 1.102510e-01   0.0    0     2  5.180007e-01   
49     0  0.00    0.0   0.0   0.00     0     0    0 6.966527e-02   0.0    0     2  1.285301e-72 * 
50     0  0.00    0.0   0.0   0.00     0     0    0 4.497908e-02   0.0    0     2  2.343442e-46 * 
51     0  0.00    0.0   0.0   0.00     0     0    0 3.117155e-02   0.0    0     2  2.480402e-34 * 
52     0  0.00    0.0   0.0   0.00     0     0    0 2.405858e-02   0.0    0     2  1.088803e-26 * 
53     0  0.00    0.0   0.0   0.00     0     0    0 1.255230e-02   0.0    0     2  2.137021e-14 * 
54     0  0.00    0.1   0.0   0.00     1     0    0 7.740586e-03   0.0    0     1  3.803162e-01   
55     0  0.00    0.0   0.0   0.00     0     0    0 8.158996e-03   0.0    0     1  3.929288e-10 * 
56     0  0.00    0.0   0.0   0.00     0     0    0 1.025105e-02   0.0    0     1  2.267820e-12 * 
57     0  0.00    0.0   0.0   0.00     0     0    0 2.468619e-02   0.0    0     1  8.374954e-28 * 
58     0  0.00    0.1   0.0   0.00     1     0    0 3.410042e-02   0.0    0     1  5.265147e-01   
59     0  0.00    0.1   0.0   0.00     1     0    0 3.682008e-02   0.0    0     1  5.433545e-01   
60     0  0.00    0.0   0.0   0.00     0     0    0 3.179916e-02   0.0    0     1  1.873999e-35 * 
61     0  0.00    0.0   0.0   0.00     0     0    0 2.573222e-02   0.0    0     1  6.317323e-29 * 
62     0  0.00    0.0   0.0   0.00     0     0    0 1.987448e-02   0.0    0     1  1.192203e-22 * 
63     0  0.00    0.0   0.0   0.00     0     0    0 7.112971e-03   0.0    0     1  5.206173e-09 * 
64     0  0.00    0.0   0.0   0.00     0     0    0 4.602510e-03   0.0    0     1  2.664901e-06 * 
65     0  0.00    0.0   0.0   0.00     0     0    0 1.255230e-03   0.0    0     1  1.429060e-02 * 
66     0  0.00    0.0   0.0   0.00     0     0    0 1.046025e-03   0.0    0     1  2.533199e-02 * 
69     0  0.00    0.0   0.0   0.00     0     0    0 2.092050e-04   0.0    0     1  3.173611e-01   

> gfl$dsp
    o.min     o.q1   o.mean  o.med     o.q3  o.max  s.min     s.q1       s.mean  s.med     s.q3  s.max        Pr(>z)  .
0  264068 266859.5 272452.0 272811 278214.5 280544 262300 268123.5 2.727836e+05 274082 278274.5 280564  8.735237e-01   
1    1422   3175.0   7524.2   7122  11730.0  14056   1440   3209.5 7.255027e+03   6093  10616.0  15600  8.656897e-01   
2     360    691.5   1599.2   1576   2495.0   2922    280    634.0 1.578497e+03   1450   2430.0   3346  9.484625e-01   
3     120    225.5    456.2    445    692.5    784     72    206.0 4.293753e+02    402    628.0    876  7.461919e-01   
4      28     64.0    182.6    201    288.0    320     12     64.0 1.704653e+02    158    278.0    362  7.532381e-01   
5      12     27.5     75.6     79    114.5    142      2     26.0 7.606778e+01     74    126.0    194  9.771344e-01   
6       2     34.0     44.0     56     59.0     66      0     24.0 4.178033e+01     48     58.0     94  7.656169e-01   
7       2     21.5     32.2     35     42.5     62      0     14.0 3.118954e+01     36     44.0     70  8.660134e-01   
8       2     11.0     16.0     17     23.0     30      0     10.0 1.703138e+01     18     24.0     52  7.337527e-01   
9       0      5.0     12.8     14     21.0     24      0      4.0 1.298201e+01     14     20.0     68  9.499264e-01   
10      0      4.0     39.4     60     64.0     68      0      2.0 3.819623e+01     56     64.0     84  9.053466e-01   
11      0      0.5     31.0     49     51.5     54      0      0.0 3.156444e+01     48     52.0     96  9.474594e-01   
12      0      0.0     13.2     20     23.0     24      0      0.0 1.298661e+01     18     22.0     48  9.544424e-01   
13      0      0.0      3.4      4      6.0      8      0      0.0 3.887448e+00      4      6.0     20  6.350281e-01   
14      0      0.0      2.8      2      5.5      8      0      0.0 2.487029e+00      2      4.0     12  7.500712e-01   
15      0      0.0      3.8      4      7.5      8      0      0.0 3.559414e+00      4      6.0     12  8.367659e-01   
16      0      0.0      1.2      1      2.0      4      0      0.0 8.514644e-01      0      2.0      8  4.512021e-01   
17      0      0.0      0.0      0      0.0      0      0      0.0 2.041841e-01      0      0.0      4 3.436872e-104 * 
18      0      0.0      0.2      0      0.0      2      0      0.0 1.769874e-01      0      0.0      4  9.109887e-01   
19      0      0.0      0.2      0      0.0      2      0      0.0 3.025105e-01      0      0.0      2  6.210032e-01   
20      0      0.0      0.4      0      0.0      2      0      0.0 1.962343e-01      0      0.0      4  4.645531e-01   
21      0      0.0      0.2      0      0.0      2      0      0.0 1.552301e-01      0      0.0      4  8.279935e-01   
22      0      0.0      0.4      0      0.0      2      0      0.0 2.690377e-01      0      0.0      4  6.353060e-01   
23      0      0.0      0.2      0      0.0      2      0      0.0 2.924686e-01      0      0.0      4  6.551704e-01   
24      0      0.0      0.8      0      1.5      4      0      0.0 4.506276e-01      0      0.0      4  4.499750e-01   
25      0      0.0      0.0      0      0.0      0      0      0.0 2.836820e-01      0      0.0      4 3.230208e-142 * 
26      0      0.0      0.0      0      0.0      0      0      0.0 1.146444e-01      0      0.0      4  3.136304e-60 * 
27      0      0.0      0.0      0      0.0      0      0      0.0 2.677824e-02      0      0.0      2  1.009362e-15 * 
28      0      0.0      0.0      0      0.0      0      0      0.0 7.949791e-03      0      0.0      2  1.285521e-05 * 
30      0      0.0      0.0      0      0.0      0      0      0.0 4.184100e-04      0      0.0      2  3.173611e-01   

> gfl$esp
   o.min  o.q1 o.mean o.med  o.q3 o.max s.min  s.q1       s.mean s.med s.q3 s.max        Pr(>z)  .
0    136 271.5  409.0   412 546.0   654   160 268.0 4.065837e+02   400  514   706  9.673561e-01   
1    194 260.5  375.6   358 503.5   556   144 258.0 3.846142e+02   356  526   660  8.404348e-01   
2    102 186.5  252.4   283 312.5   350    70 156.0 2.355774e+02   248  310   404  5.438637e-01   
3     60  71.5  132.4   120 196.5   214    26  72.0 1.252218e+02   116  184   252  7.308760e-01   
4     16  33.5   75.2    84 107.0   128     6  34.0 7.115690e+01    68  108   156  7.742296e-01   
5     12  20.5   41.4    47  55.5    70     2  18.0 4.131088e+01    44   60    94  9.897382e-01   
6      0  16.5   29.2    34  40.5    52     0  12.0 2.840460e+01    32   40    62  8.887492e-01   
7      2  11.0   25.2    23  31.0    62     0  11.5 2.437071e+01    22   32    68  8.895036e-01   
8      2  10.5   14.4    15  21.0    26     0   8.0 1.498787e+01    16   22    48  8.249360e-01   
9      0   4.5    9.4     9  15.5    18     0   4.0 9.971130e+00    10   14    62  7.843732e-01   
10     0   4.0   38.2    58  62.0    66     0   2.0 3.682176e+01    54   62    84  8.880536e-01   
11     0   0.5   30.8    49  50.0    54     0   0.0 3.133933e+01    48   52    96  9.494659e-01   
12     0   0.0   12.6    20  21.5    22     0   0.0 1.262301e+01    18   22    46  9.948117e-01   
13     0   0.0    3.2     4   6.0     6     0   0.0 3.430544e+00     4    6    18  8.047294e-01   
14     0   0.0    2.0     2   3.5     6     0   0.0 2.248117e+00     2    4    10  7.186489e-01   
15     0   0.0    3.8     4   7.5     8     0   0.0 3.404184e+00     4    6    12  7.351499e-01   
16     0   0.0    1.2     1   2.0     4     0   0.0 8.000000e-01     0    2     8  3.895992e-01   
17     0   0.0    0.0     0   0.0     0     0   0.0 1.907950e-01     0    0     4  8.495779e-98 * 
18     0   0.0    0.2     0   0.0     2     0   0.0 1.732218e-01     0    0     2  8.965103e-01   
19     0   0.0    0.2     0   0.0     2     0   0.0 3.025105e-01     0    0     2  6.210032e-01   
20     0   0.0    0.4     0   0.0     2     0   0.0 1.962343e-01     0    0     4  4.645531e-01   
21     0   0.0    0.2     0   0.0     2     0   0.0 1.552301e-01     0    0     4  8.279935e-01   
22     0   0.0    0.4     0   0.0     2     0   0.0 2.690377e-01     0    0     4  6.353060e-01   
23     0   0.0    0.2     0   0.0     2     0   0.0 2.924686e-01     0    0     4  6.551704e-01   
24     0   0.0    0.8     0   1.5     4     0   0.0 4.506276e-01     0    0     4  4.499750e-01   
25     0   0.0    0.0     0   0.0     0     0   0.0 2.836820e-01     0    0     4 3.230208e-142 * 
26     0   0.0    0.0     0   0.0     0     0   0.0 1.146444e-01     0    0     4  3.136304e-60 * 
27     0   0.0    0.0     0   0.0     0     0   0.0 2.677824e-02     0    0     2  1.009362e-15 * 
28     0   0.0    0.0     0   0.0     0     0   0.0 7.949791e-03     0    0     2  1.285521e-05 * 
30     0   0.0    0.0     0   0.0     0     0   0.0 4.184100e-04     0    0     2  3.173611e-01   

> gfl$geodesic
    o.min    o.q1   o.mean  o.med     o.q3  o.max s.min     s.q1       s.mean  s.med     s.q3  s.max       Pr(>z)  .
1     524   933.0   1458.4   1525   1996.5   2190   508    892.0 1.435330e+03   1445   1944.0   2284 9.087450e-01   
2    1560  3616.0   8990.6   8568  14182.0  16898  1590   3595.0 8.679683e+03   7391  12934.5  18602 8.728225e-01   
3    2590  6509.0  21066.6  17717  34580.5  45396  2908   7716.0 2.106128e+04  16872  30021.5  52776 9.992125e-01   
4    4062 10850.5  35722.0  30478  59357.0  75830  4304  12103.5 3.439190e+04  27575  50015.5  84424 8.843293e-01   
5    3586 11973.5  32110.4  28083  51905.0  65272  3756  10759.0 2.743099e+04  24012  42293.0  64692 5.443210e-01   
6    2294  8667.0  13462.4  14893  18420.5  22230  1562   6035.5 1.055629e+04  11758  14067.0  21122 2.079311e-01   
7     276   731.5   3745.8   4106   5984.0   7884    72   1254.0 2.938887e+03   2927   4356.0   8758 4.086693e-01   
8       0   110.0   1465.0   1666   2464.5   3062     0    308.0 8.304870e+02    712   1194.5   4422 1.502618e-01   
9       0    40.5    432.2    468    653.0   1028     0     24.0 1.968000e+02    124    290.0   1634 8.632069e-02   
10      0     6.5    116.0    101    158.0    364     0      0.0 4.318996e+01     10     50.0    836 9.630881e-02   
11      0     0.0     24.4      5     51.0     90     0      0.0 8.462343e+00      0      4.0    500 1.654366e-01   
12      0     0.0      0.0      0      0.0      0     0      0.0 1.597908e+00      0      0.0    444 4.074932e-23 * 
13      0     0.0      0.0      0      0.0      0     0      0.0 3.263598e-01      0      0.0    254 1.862960e-06 * 
14      0     0.0      0.0      0      0.0      0     0      0.0 6.652720e-02      0      0.0     82 1.937067e-03 * 
15      0     0.0      0.0      0      0.0      0     0      0.0 1.171548e-02      0      0.0     12 1.479076e-02 * 
16      0     0.0      0.0      0      0.0      0     0      0.0 2.092050e-03      0      0.0      6 1.316827e-01   
Inf 60172 97118.0 163898.2 172645 230265.5 265660 55440 122088.0 1.749167e+05 185744 237314.5 264860 6.673398e-01   
> 