8700 simulations done.

> 
> 
> gfl$deg
   o.min  o.q1 o.mean o.med   o.q3 o.max s.min s.q1       s.mean s.med s.q3 s.max        Pr(>z)  .
0     55 99.50  200.3 193.0 296.25   386    52  126 2.152725e+02   213  310   387  7.042374e-01   
1     36 59.00   92.7  89.5 124.50   149    33   60 8.077747e+01    74  100   145  3.886612e-01   
2     35 47.00   62.6  63.0  82.50    86    21   42 6.117333e+01    58   81   109  8.267688e-01   
3     22 42.25   54.5  60.5  65.50    73     9   35 5.077448e+01    54   66    93  5.003127e-01   
4     17 27.50   30.8  29.5  37.00    40     6   25 3.131966e+01    33   38    58  8.287910e-01   
5      8 10.25   19.6  24.5  26.00    29     1   13 2.018264e+01    21   26    43  8.376662e-01   
6      7 11.25   13.7  15.5  16.00    18     1    9 1.388690e+01    14   18    32  8.771825e-01   
7      4  6.25    9.7   8.0  13.50    17     0    7 1.019667e+01    10   13    26  7.337177e-01   
8      1  6.25    7.9   7.5  11.50    12     0    6 7.972644e+00     8   10    19  9.518090e-01   
9      2  4.50    6.4   6.5   8.00    10     0    4 5.918161e+00     6    8    16  5.580114e-01   
10     0  1.25    2.6   2.5   3.75     5     0    2 3.704943e+00     4    5    11  7.182783e-02   
11     1  2.50    4.3   5.0   5.00    10     0    2 4.112874e+00     4    6    12  8.268573e-01   
12     2  2.00    3.6   3.0   4.75     7     0    2 3.766092e+00     4    5    12  7.816610e-01   
13     0  2.25    3.6   3.5   5.75     6     0    2 3.687126e+00     4    5    13  9.018354e-01   
14     1  2.00    2.7   2.5   3.00     6     0    1 2.712414e+00     2    4    11  9.796306e-01   
15     0  1.00    2.9   1.5   5.50     7     0    1 2.587701e+00     2    4    10  7.366228e-01   
16     0  1.00    2.8   3.5   4.00     6     0    1 2.535862e+00     2    4    11  7.067836e-01   
17     0  0.25    0.9   1.0   1.00     2     0    1 1.517471e+00     1    2     8  2.668303e-02 * 
18     0  1.00    1.5   1.5   2.00     4     0    0 1.275402e+00     1    2     8  5.618263e-01   
19     0  0.25    1.3   1.0   2.00     3     0    0 1.239655e+00     1    2     6  8.729761e-01   
20     0  1.00    1.3   1.5   2.00     2     0    0 1.099540e+00     1    2     5  4.613733e-01   
21     0  0.00    0.6   0.0   1.00     2     0    0 8.200000e-01     1    1     5  4.309192e-01   
22     0  0.00    0.5   0.5   1.00     1     0    0 5.345977e-01     0    1     5  8.403202e-01   
23     0  0.00    0.0   0.0   0.00     0     0    0 3.467816e-01     0    1     4  0.000000e+00 * 
24     0  0.00    0.8   1.0   1.00     3     0    0 5.597701e-01     0    1     4  4.299245e-01   
25     0  0.00    0.7   0.5   1.00     2     0    0 4.149425e-01     0    1     4  3.020961e-01   
26     0  0.00    0.3   0.0   0.00     2     0    0 3.180460e-01     0    1     3  9.344931e-01   
27     0  0.00    0.2   0.0   0.00     1     0    0 2.511494e-01     0    0     3  7.103450e-01   
28     0  0.00    0.1   0.0   0.00     1     0    0 1.751724e-01     0    0     2  4.717462e-01   
29     0  0.00    0.0   0.0   0.00     0     0    0 1.285057e-01     0    0     3 2.997694e-211 * 
30     0  0.00    0.0   0.0   0.00     0     0    0 1.174713e-01     0    0     3 1.524726e-181 * 
31     0  0.00    0.2   0.0   0.00     1     0    0 1.675862e-01     0    0     3  8.134593e-01   
32     0  0.00    0.3   0.0   0.75     1     0    0 2.064368e-01     0    0     2  5.555060e-01   
33     0  0.00    0.4   0.0   0.75     2     0    0 2.700000e-01     0    0     3  5.711175e-01   
34     0  0.00    0.0   0.0   0.00     0     0    0 1.721839e-01     0    0     3 3.047152e-317 * 
35     0  0.00    0.0   0.0   0.00     0     0    0 6.942529e-02     0    0     2 4.817401e-131 * 
36     0  0.00    0.1   0.0   0.00     1     0    0 2.471264e-02     0    0     2  4.708100e-01   
37     0  0.00    0.2   0.0   0.00     1     0    0 8.540230e-02     0    0     2  4.124769e-01   
38     0  0.00    0.1   0.0   0.00     1     0    0 1.291954e-01     0    0     2  7.770666e-01   
39     0  0.00    0.2   0.0   0.00     1     0    0 1.671264e-01     0    0     2  8.108703e-01   
40     0  0.00    0.1   0.0   0.00     1     0    0 1.283908e-01     0    0     2  7.830402e-01   
41     0  0.00    0.1   0.0   0.00     1     0    0 1.345977e-01     0    0     2  7.374675e-01   
42     0  0.00    0.1   0.0   0.00     1     0    0 9.091954e-02     0    0     2  9.296671e-01   
43     0  0.00    0.2   0.0   0.00     2     0    0 5.597701e-02     0    0     2  4.897611e-01   
44     0  0.00    0.3   0.0   0.75     1     0    0 5.264368e-02     0    0     2  1.398573e-01   
45     0  0.00    0.1   0.0   0.00     1     0    0 6.241379e-02     0    0     2  7.158076e-01   
46     0  0.00    0.1   0.0   0.00     1     0    0 1.400000e-01     0    0     2  6.986795e-01   
47     0  0.00    0.1   0.0   0.00     1     0    0 1.540230e-01     0    0     2  6.024114e-01   
48     0  0.00    0.2   0.0   0.00     1     0    0 1.165517e-01     0    0     2  5.470696e-01   
49     0  0.00    0.0   0.0   0.00     0     0    0 7.011494e-02     0    0     2 7.358897e-133 * 
50     0  0.00    0.0   0.0   0.00     0     0    0 4.425287e-02     0    0     2  6.979679e-83 * 
51     0  0.00    0.0   0.0   0.00     0     0    0 3.045977e-02     0    0     2  5.046053e-60 * 
52     0  0.00    0.0   0.0   0.00     0     0    0 2.287356e-02     0    0     2  3.043351e-45 * 
53     0  0.00    0.0   0.0   0.00     0     0    0 1.275862e-02     0    0     2  1.136854e-25 * 
54     0  0.00    0.1   0.0   0.00     1     0    0 7.241379e-03     0    0     1  3.778421e-01   
55     0  0.00    0.0   0.0   0.00     0     0    0 7.356322e-03     0    0     1  1.109638e-15 * 
56     0  0.00    0.0   0.0   0.00     0     0    0 1.229885e-02     0    0     1  3.215217e-25 * 
57     0  0.00    0.0   0.0   0.00     0     0    0 2.287356e-02     0    0     1  1.099678e-45 * 
58     0  0.00    0.1   0.0   0.00     1     0    0 3.137931e-02     0    0     1  5.099329e-01   
59     0  0.00    0.1   0.0   0.00     1     0    0 3.620690e-02     0    0     1  5.394754e-01   
60     0  0.00    0.0   0.0   0.00     0     0    0 3.540230e-02     0    0     1  3.717258e-70 * 
61     0  0.00    0.0   0.0   0.00     0     0    0 2.356322e-02     0    0     1  5.025477e-47 * 
62     0  0.00    0.0   0.0   0.00     0     0    0 1.896552e-02     0    0     1  4.182256e-38 * 
63     0  0.00    0.0   0.0   0.00     0     0    0 9.885057e-03     0    0     1  1.460232e-20 * 
64     0  0.00    0.0   0.0   0.00     0     0    0 4.137931e-03     0    0     1  1.905045e-09 * 
65     0  0.00    0.0   0.0   0.00     0     0    0 1.494253e-03     0    0     1  3.102493e-04 * 
66     0  0.00    0.0   0.0   0.00     0     0    0 6.896552e-04     0    0     1  1.429749e-02 * 
67     0  0.00    0.0   0.0   0.00     0     0    0 1.149425e-04     0    0     1  3.173383e-01   
68     0  0.00    0.0   0.0   0.00     0     0    0 1.149425e-04     0    0     1  3.173383e-01   
69     0  0.00    0.0   0.0   0.00     0     0    0 2.298851e-04     0    0     1  1.573111e-01   

> gfl$dsp
    o.min     o.q1   o.mean  o.med     o.q3  o.max  s.min     s.q1       s.mean  s.med     s.q3  s.max        Pr(>z)  .
0  264068 266859.5 272452.0 272811 278214.5 280544 262300 268106.0 2.727826e+05 274082 278254.5 280564  8.738529e-01   
1    1422   3175.0   7524.2   7122  11730.0  14056   1440   3221.5 7.253316e+03   6093  10612.5  15600  8.648001e-01   
2     360    691.5   1599.2   1576   2495.0   2922    276    634.0 1.581036e+03   1454   2442.0   3346  9.547566e-01   
3     120    225.5    456.2    445    692.5    784     72    206.0 4.291989e+02    402    628.0    884  7.445020e-01   
4      28     64.0    182.6    201    288.0    320     10     64.0 1.705699e+02    158    278.0    372  7.552051e-01   
5      12     27.5     75.6     79    114.5    142      2     26.0 7.623011e+01     74    126.0    194  9.691911e-01   
6       2     34.0     44.0     56     59.0     66      0     24.0 4.174184e+01     48     58.0     94  7.616068e-01   
7       2     21.5     32.2     35     42.5     62      0     14.0 3.132437e+01     36     44.0     72  8.836867e-01   
8       2     11.0     16.0     17     23.0     30      0     10.0 1.700345e+01     18     24.0     52  7.405391e-01   
9       0      5.0     12.8     14     21.0     24      0      4.0 1.292207e+01     14     20.0     78  9.663868e-01   
10      0      4.0     39.4     60     64.0     68      0      2.0 3.822322e+01     58     64.0     84  9.074230e-01   
11      0      0.5     31.0     49     51.5     54      0      0.0 3.160391e+01     48     52.0     98  9.437695e-01   
12      0      0.0     13.2     20     23.0     24      0      0.0 1.298000e+01     18     22.0     48  9.530140e-01   
13      0      0.0      3.4      4      6.0      8      0      0.0 3.906437e+00      4      6.0     20  6.218880e-01   
14      0      0.0      2.8      2      5.5      8      0      0.0 2.470115e+00      2      4.0     12  7.370585e-01   
15      0      0.0      3.8      4      7.5      8      0      0.0 3.548046e+00      4      6.0     14  8.291183e-01   
16      0      0.0      1.2      1      2.0      4      0      0.0 8.533333e-01      0      2.0      8  4.534120e-01   
17      0      0.0      0.0      0      0.0      0      0      0.0 2.013793e-01      0      0.0      6 1.546319e-183 * 
18      0      0.0      0.2      0      0.0      2      0      0.0 1.763218e-01      0      0.0      4  9.083961e-01   
19      0      0.0      0.2      0      0.0      2      0      0.0 3.018391e-01      0      0.0      4  6.230816e-01   
20      0      0.0      0.4      0      0.0      2      0      0.0 1.914943e-01      0      0.0      4  4.544595e-01   
21      0      0.0      0.2      0      0.0      2      0      0.0 1.689655e-01      0      0.0      4  8.801606e-01   
22      0      0.0      0.4      0      0.0      2      0      0.0 2.685057e-01      0      0.0      4  6.338588e-01   
23      0      0.0      0.2      0      0.0      2      0      0.0 2.954023e-01      0      0.0      4  6.449291e-01   
24      0      0.0      0.8      0      1.5      4      0      0.0 4.354023e-01      0      0.0      4  4.310639e-01   
25      0      0.0      0.0      0      0.0      0      0      0.0 2.965517e-01      0      0.0      4 2.263371e-270 * 
26      0      0.0      0.0      0      0.0      0      0      0.0 1.147126e-01      0      0.0      4 3.135666e-107 * 
27      0      0.0      0.0      0      0.0      0      0      0.0 2.965517e-02      0      0.0      2  4.216005e-30 * 
28      0      0.0      0.0      0      0.0      0      0      0.0 6.666667e-03      0      0.0      2  7.077360e-08 * 
29      0      0.0      0.0      0      0.0      0      0      0.0 1.379310e-03      0      0.0      2  1.429749e-02 * 
30      0      0.0      0.0      0      0.0      0      0      0.0 2.298851e-04      0      0.0      2  3.173383e-01 
  
> gfl$esp
   o.min  o.q1 o.mean o.med  o.q3 o.max s.min s.q1       s.mean s.med s.q3 s.max        Pr(>z)  .
0    136 271.5  409.0   412 546.0   654   154  268 4.066860e+02   400  514   706  9.687286e-01   
1    194 260.5  375.6   358 503.5   556   144  260 3.849349e+02   357  528   660  8.347801e-01   
2    102 186.5  252.4   283 312.5   350    68  156 2.355972e+02   248  310   404  5.441654e-01   
3     60  71.5  132.4   120 196.5   214    20   72 1.250186e+02   116  184   252  7.235323e-01   
4     16  33.5   75.2    84 107.0   128     6   34 7.121862e+01    68  108   162  7.774948e-01   
5     12  20.5   41.4    47  55.5    70     2   18 4.144115e+01    44   60   100  9.952598e-01   
6      0  16.5   29.2    34  40.5    52     0   12 2.835609e+01    32   40    62  8.819818e-01   
7      2  11.0   25.2    23  31.0    62     0   12 2.446874e+01    24   32    72  9.024493e-01   
8      2  10.5   14.4    15  21.0    26     0    8 1.499678e+01    16   22    48  8.222499e-01   
9      0   4.5    9.4     9  15.5    18     0    4 9.902759e+00    10   14    70  8.094554e-01   
10     0   4.0   38.2    58  62.0    66     0    2 3.684966e+01    56   62    84  8.902627e-01   
11     0   0.5   30.8    49  50.0    54     0    0 3.136046e+01    48   52    96  9.474685e-01   
12     0   0.0   12.6    20  21.5    22     0    0 1.262460e+01    18   22    46  9.944520e-01   
13     0   0.0    3.2     4   6.0     6     0    0 3.446437e+00     4    6    18  7.915103e-01   
14     0   0.0    2.0     2   3.5     6     0    0 2.220460e+00     2    4    10  7.485820e-01   
15     0   0.0    3.8     4   7.5     8     0    0 3.398851e+00     4    6    14  7.316421e-01   
16     0   0.0    1.2     1   2.0     4     0    0 8.011494e-01     0    2     8  3.907716e-01   
17     0   0.0    0.0     0   0.0     0     0    0 1.875862e-01     0    0     6 1.023400e-171 * 
18     0   0.0    0.2     0   0.0     2     0    0 1.719540e-01     0    0     2  8.916097e-01   
19     0   0.0    0.2     0   0.0     2     0    0 3.016092e-01     0    0     2  6.238549e-01   
20     0   0.0    0.4     0   0.0     2     0    0 1.914943e-01     0    0     4  4.544595e-01   
21     0   0.0    0.2     0   0.0     2     0    0 1.689655e-01     0    0     4  8.801606e-01   
22     0   0.0    0.4     0   0.0     2     0    0 2.685057e-01     0    0     4  6.338588e-01   
23     0   0.0    0.2     0   0.0     2     0    0 2.954023e-01     0    0     4  6.449291e-01   
24     0   0.0    0.8     0   1.5     4     0    0 4.354023e-01     0    0     4  4.310639e-01   
25     0   0.0    0.0     0   0.0     0     0    0 2.965517e-01     0    0     4 2.263371e-270 * 
26     0   0.0    0.0     0   0.0     0     0    0 1.147126e-01     0    0     4 3.135666e-107 * 
27     0   0.0    0.0     0   0.0     0     0    0 2.965517e-02     0    0     2  4.216005e-30 * 
28     0   0.0    0.0     0   0.0     0     0    0 6.666667e-03     0    0     2  7.077360e-08 * 
29     0   0.0    0.0     0   0.0     0     0    0 1.379310e-03     0    0     2  1.429749e-02 * 
30     0   0.0    0.0     0   0.0     0     0    0 2.298851e-04     0    0     2  3.173383e-01  
 
> gfl$geodesic
    o.min    o.q1   o.mean  o.med     o.q3  o.max s.min     s.q1       s.mean  s.med     s.q3  s.max       Pr(>z)  .
1     524   933.0   1458.4   1525   1996.5   2190   508    892.0 1.435793e+03   1445   1944.0   2286 9.105353e-01   
2    1560  3616.0   8990.6   8568  14182.0  16898  1590   3613.5 8.680309e+03   7391  12945.0  18602 8.730326e-01   
3    2590  6509.0  21066.6  17717  34580.5  45396  2908   7764.5 2.106358e+04  16776  30008.5  52844 9.995527e-01   
4    4062 10850.5  35722.0  30478  59357.0  75830  4184  12223.0 3.440500e+04  27633  49871.0  84424 8.854229e-01   
5    3586 11973.5  32110.4  28083  51905.0  65272  3340  10814.0 2.745057e+04  24094  42326.5  64692 5.458828e-01   
6    2294  8667.0  13462.4  14893  18420.5  22230  1562   6065.0 1.056836e+04  11717  14110.5  23174 2.095946e-01   
7     276   731.5   3745.8   4106   5984.0   7884    72   1268.0 2.938350e+03   2922   4348.0   8758 4.083031e-01   
8       0   110.0   1465.0   1666   2464.5   3062     0    312.0 8.276697e+02    702   1184.5   4422 1.486280e-01   
9       0    40.5    432.2    468    653.0   1028     0     26.0 1.945382e+02    121    286.0   1634 8.377561e-02   
10      0     6.5    116.0    101    158.0    364     0      0.0 4.232161e+01     10     48.0    836 9.293843e-02   
11      0     0.0     24.4      5     51.0     90     0      0.0 8.388736e+00      0      4.0    622 1.636238e-01   
12      0     0.0      0.0      0      0.0      0     0      0.0 1.649885e+00      0      0.0    444 2.505669e-32 * 
13      0     0.0      0.0      0      0.0      0     0      0.0 3.701149e-01      0      0.0    254 1.375473e-10 * 
14      0     0.0      0.0      0      0.0      0     0      0.0 7.379310e-02      0      0.0     82 7.075753e-06 * 
15      0     0.0      0.0      0      0.0      0     0      0.0 1.264368e-02      0      0.0     12 2.148889e-04 * 
16      0     0.0      0.0      0      0.0      0     0      0.0 1.379310e-03      0      0.0      6 8.326451e-02   
Inf 60172 97118.0 163898.2 172645 230265.5 265660 55440 122882.0 1.748750e+05 185744 236979.0 266168 6.684212e-01   