10000 simulations done.

> 
> 
> gfl$deg
   o.min  o.q1 o.mean o.med   o.q3 o.max s.min s.q1   s.mean s.med s.q3 s.max        Pr(>z)  .
0     55 99.50  200.3 193.0 296.25   386    52  126 215.3079   213  310   387  7.035640e-01   
1     36 59.00   92.7  89.5 124.50   149    33   60  80.7502    74  100   145  3.876128e-01   
2     35 47.00   62.6  63.0  82.50    86    21   42  61.1577    58   81   109  8.248944e-01   
3     22 42.25   54.5  60.5  65.50    73     9   35  50.7711    54   66    93  4.999027e-01   
4     17 27.50   30.8  29.5  37.00    40     6   25  31.3148    33   38    58  8.303455e-01   
5      8 10.25   19.6  24.5  26.00    29     1   13  20.2004    21   26    43  8.327952e-01   
6      7 11.25   13.7  15.5  16.00    18     1    9  13.8814    14   18    32  8.807459e-01   
7      4  6.25    9.7   8.0  13.50    17     0    7  10.2119    10   14    26  7.259142e-01   
8      1  6.25    7.9   7.5  11.50    12     0    6   7.9631     8   10    19  9.581308e-01   
9      2  4.50    6.4   6.5   8.00    10     0    4   5.9118     6    8    16  5.528989e-01   
10     0  1.25    2.6   2.5   3.75     5     0    2   3.7082     4    5    13  7.112252e-02   
11     1  2.50    4.3   5.0   5.00    10     0    2   4.1037     4    6    12  8.185301e-01   
12     2  2.00    3.6   3.0   4.75     7     0    2   3.7776     4    5    12  7.670088e-01   
13     0  2.25    3.6   3.5   5.75     6     0    2   3.7007     4    5    13  8.866470e-01   
14     1  2.00    2.7   2.5   3.00     6     0    1   2.7041     2    4    11  9.932711e-01   
15     0  1.00    2.9   1.5   5.50     7     0    1   2.5848     2    4    10  7.342768e-01   
16     0  1.00    2.8   3.5   4.00     6     0    1   2.5305     2    4    11  7.011472e-01   
17     0  0.25    0.9   1.0   1.00     2     0    1   1.5230     1    2     8  2.565982e-02 * 
18     0  1.00    1.5   1.5   2.00     4     0    0   1.2676     1    2     8  5.485602e-01   
19     0  0.25    1.3   1.0   2.00     3     0    0   1.2364     1    2     6  8.661892e-01   
20     0  1.00    1.3   1.5   2.00     2     0    0   1.0994     1    2     5  4.610263e-01   
21     0  0.00    0.6   0.0   1.00     2     0    0   0.8222     1    1     5  4.264607e-01   
22     0  0.00    0.5   0.5   1.00     1     0    0   0.5339     0    1     5  8.434730e-01   
23     0  0.00    0.0   0.0   0.00     0     0    0   0.3488     0    1     4  0.000000e+00 * 
24     0  0.00    0.8   1.0   1.00     3     0    0   0.5623     0    1     4  4.346092e-01   
25     0  0.00    0.7   0.5   1.00     2     0    0   0.4167     0    1     4  3.048957e-01   
26     0  0.00    0.3   0.0   0.00     2     0    0   0.3221     0    1     3  9.198266e-01   
27     0  0.00    0.2   0.0   0.00     1     0    0   0.2470     0    0     3  7.327206e-01   
28     0  0.00    0.1   0.0   0.00     1     0    0   0.1763     0    0     2  4.652799e-01   
29     0  0.00    0.0   0.0   0.00     0     0    0   0.1291     0    0     3 1.320158e-242 * 
30     0  0.00    0.0   0.0   0.00     0     0    0   0.1188     0    0     3 2.707191e-211 * 
31     0  0.00    0.2   0.0   0.00     1     0    0   0.1659     0    0     3  8.039693e-01   
32     0  0.00    0.3   0.0   0.75     1     0    0   0.2049     0    0     2  5.491429e-01   
33     0  0.00    0.4   0.0   0.75     2     0    0   0.2681     0    0     3  5.655969e-01   
34     0  0.00    0.0   0.0   0.00     0     0    0   0.1716     0    0     3  0.000000e+00 * 
35     0  0.00    0.0   0.0   0.00     0     0    0   0.0707     0    0     2 1.870543e-153 * 
36     0  0.00    0.1   0.0   0.00     1     0    0   0.0255     0    0     2  4.753208e-01   
37     0  0.00    0.2   0.0   0.00     1     0    0   0.0884     0    0     2  4.243454e-01   
38     0  0.00    0.1   0.0   0.00     1     0    0   0.1256     0    0     2  8.038017e-01   
39     0  0.00    0.2   0.0   0.00     1     0    0   0.1679     0    0     2  8.152150e-01   
40     0  0.00    0.1   0.0   0.00     1     0    0   0.1281     0    0     2  7.851816e-01   
41     0  0.00    0.1   0.0   0.00     1     0    0   0.1354     0    0     2  7.316304e-01   
42     0  0.00    0.1   0.0   0.00     1     0    0   0.0916     0    0     2  9.349198e-01   
43     0  0.00    0.2   0.0   0.00     2     0    0   0.0559     0    0     2  4.895314e-01   
44     0  0.00    0.3   0.0   0.75     1     0    0   0.0518     0    0     2  1.386641e-01   
45     0  0.00    0.1   0.0   0.00     1     0    0   0.0641     0    0     2  7.279432e-01   
46     0  0.00    0.1   0.0   0.00     1     0    0   0.1368     0    0     2  7.215348e-01   
47     0  0.00    0.1   0.0   0.00     1     0    0   0.1528     0    0     2  6.104909e-01   
48     0  0.00    0.2   0.0   0.00     1     0    0   0.1181     0    0     2  5.543645e-01   
49     0  0.00    0.0   0.0   0.00     0     0    0   0.0708     0    0     2 1.975180e-152 * 
50     0  0.00    0.0   0.0   0.00     0     0    0   0.0455     0    0     2  7.384952e-97 * 
51     0  0.00    0.0   0.0   0.00     0     0    0   0.0307     0    0     2  2.519512e-69 * 
52     0  0.00    0.0   0.0   0.00     0     0    0   0.0220     0    0     2  7.410661e-50 * 
53     0  0.00    0.0   0.0   0.00     0     0    0   0.0122     0    0     2  4.355656e-28 * 
54     0  0.00    0.1   0.0   0.00     1     0    0   0.0074     0    0     1  3.786208e-01   
55     0  0.00    0.0   0.0   0.00     0     0    0   0.0070     0    0     1  5.262766e-17 * 
56     0  0.00    0.0   0.0   0.00     0     0    0   0.0124     0    0     1  5.753916e-29 * 
57     0  0.00    0.0   0.0   0.00     0     0    0   0.0231     0    0     1  9.417822e-53 * 
58     0  0.00    0.1   0.0   0.00     1     0    0   0.0315     0    0     1  5.106514e-01   
59     0  0.00    0.1   0.0   0.00     1     0    0   0.0376     0    0     1  5.481756e-01   
60     0  0.00    0.0   0.0   0.00     0     0    0   0.0354     0    0     1  2.346326e-80 * 
61     0  0.00    0.0   0.0   0.00     0     0    0   0.0229     0    0     1  2.632065e-52 * 
62     0  0.00    0.0   0.0   0.00     0     0    0   0.0188     0    0     1  3.584704e-43 * 
63     0  0.00    0.0   0.0   0.00     0     0    0   0.0099     0    0     1  1.983156e-23 * 
64     0  0.00    0.0   0.0   0.00     0     0    0   0.0038     0    0     1  6.836797e-10 * 
65     0  0.00    0.0   0.0   0.00     0     0    0   0.0013     0    0     1  3.104106e-04 * 
66     0  0.00    0.0   0.0   0.00     0     0    0   0.0006     0    0     1  1.429858e-02 * 
67     0  0.00    0.0   0.0   0.00     0     0    0   0.0001     0    0     1  3.173347e-01   
68     0  0.00    0.0   0.0   0.00     0     0    0   0.0001     0    0     1  3.173347e-01   
69     0  0.00    0.0   0.0   0.00     0     0    0   0.0002     0    0     1  1.573096e-01   

> gfl$dsp
    o.min     o.q1   o.mean  o.med     o.q3  o.max  s.min   s.q1      s.mean  s.med     s.q3  s.max        Pr(>z)  .
0  264068 266859.5 272452.0 272811 278214.5 280544 262300 268111 272783.2576 274082 278252.0 280564  8.735914e-01   
1    1422   3175.0   7524.2   7122  11730.0  14056   1440   3222   7252.4684   6093  10610.5  15600  8.643748e-01   
2     360    691.5   1599.2   1576   2495.0   2922    276    634   1581.1808   1454   2442.0   3346  9.551133e-01   
3     120    225.5    456.2    445    692.5    784     72    206    429.2262    402    628.0    884  7.447362e-01   
4      28     64.0    182.6    201    288.0    320     10     64    170.5828    158    278.0    372  7.554453e-01   
5      12     27.5     75.6     79    114.5    142      2     26     76.1904     74    126.0    194  9.711300e-01   
6       2     34.0     44.0     56     59.0     66      0     24     41.8000     48     58.0     94  7.675238e-01   
7       2     21.5     32.2     35     42.5     62      0     14     31.3090     36     44.0     72  8.816557e-01   
8       2     11.0     16.0     17     23.0     30      0     10     17.0122     18     24.0     52  7.383541e-01   
9       0      5.0     12.8     14     21.0     24      0      4     12.9644     14     20.0     78  9.547403e-01   
10      0      4.0     39.4     60     64.0     68      0      2     38.2002     58     64.0     84  9.056164e-01   
11      0      0.5     31.0     49     51.5     54      0      0     31.5702     48     52.0     98  9.468990e-01   
12      0      0.0     13.2     20     23.0     24      0      0     12.9930     18     22.0     48  9.557842e-01   
13      0      0.0      3.4      4      6.0      8      0      0      3.8918      4      6.0     20  6.318255e-01   
14      0      0.0      2.8      2      5.5      8      0      0      2.4600      2      4.0     12  7.293481e-01   
15      0      0.0      3.8      4      7.5      8      0      0      3.5464      4      6.0     14  8.280112e-01   
16      0      0.0      1.2      1      2.0      4      0      0      0.8552      0      2.0      8  4.557475e-01   
17      0      0.0      0.0      0      0.0      0      0      0      0.2046      0      0.0      6 1.043420e-214 * 
18      0      0.0      0.2      0      0.0      2      0      0      0.1742      0      0.0      4  9.002300e-01   
19      0      0.0      0.2      0      0.0      2      0      0      0.3024      0      0.0      4  6.211673e-01   
20      0      0.0      0.4      0      0.0      2      0      0      0.1908      0      0.0      4  4.529919e-01   
21      0      0.0      0.2      0      0.0      2      0      0      0.1702      0      0.0      4  8.848825e-01   
22      0      0.0      0.4      0      0.0      2      0      0      0.2642      0      0.0      4  6.229253e-01   
23      0      0.0      0.2      0      0.0      2      0      0      0.2932      0      0.0      4  6.524623e-01   
24      0      0.0      0.8      0      1.5      4      0      0      0.4402      0      0.0      4  4.369306e-01   
25      0      0.0      0.0      0      0.0      0      0      0      0.2994      0      0.0      4 4.766390e-315 * 
26      0      0.0      0.0      0      0.0      0      0      0      0.1164      0      0.0      4 1.381265e-124 * 
27      0      0.0      0.0      0      0.0      0      0      0      0.0278      0      0.0      2  2.724264e-32 * 
28      0      0.0      0.0      0      0.0      0      0      0      0.0066      0      0.0      2  8.983696e-09 * 
29      0      0.0      0.0      0      0.0      0      0      0      0.0012      0      0.0      2  1.429858e-02 * 
30      0      0.0      0.0      0      0.0      0      0      0      0.0002      0      0.0      2  3.173347e-01  

> gfl$esp
   o.min  o.q1 o.mean o.med  o.q3 o.max s.min  s.q1   s.mean s.med s.q3 s.max        Pr(>z)  .
0    136 271.5  409.0   412 546.0   654   154 268.0 406.6048   400  512   706  9.676308e-01   
1    194 260.5  375.6   358 503.5   556   144 260.0 384.9654   356  528   660  8.342388e-01   
2    102 186.5  252.4   283 312.5   350    68 158.0 235.6246   250  310   404  5.447812e-01   
3     60  71.5  132.4   120 196.5   214    20  72.0 124.9784   116  182   252  7.220844e-01   
4     16  33.5   75.2    84 107.0   128     6  34.0  71.2576    68  108   162  7.795957e-01   
5     12  20.5   41.4    47  55.5    70     2  18.0  41.4234    44   60   100  9.973042e-01   
6      0  16.5   29.2    34  40.5    52     0  13.5  28.3904    32   40    62  8.867351e-01   
7      2  11.0   25.2    23  31.0    62     0  12.0  24.4636    22   32    72  9.017630e-01   
8      2  10.5   14.4    15  21.0    26     0   8.0  15.0154    16   22    48  8.168048e-01   
9      0   4.5    9.4     9  15.5    18     0   4.0   9.9514    10   14    70  7.914814e-01   
10     0   4.0   38.2    58  62.0    66     0   2.0  36.8136    56   62    84  8.873488e-01   
11     0   0.5   30.8    49  50.0    54     0   0.0  31.3302    48   52    96  9.502971e-01   
12     0   0.0   12.6    20  21.5    22     0   0.0  12.6376    18   22    46  9.915189e-01   
13     0   0.0    3.2     4   6.0     6     0   0.0   3.4336     4    6    18  8.020811e-01   
14     0   0.0    2.0     2   3.5     6     0   0.0   2.2124     2    4    10  7.574118e-01   
15     0   0.0    3.8     4   7.5     8     0   0.0   3.3958     4    6    14  7.296786e-01   
16     0   0.0    1.2     1   2.0     4     0   0.0   0.7996     0    2     8  3.889883e-01   
17     0   0.0    0.0     0   0.0     0     0   0.0   0.1910     0    0     6 2.246957e-201 * 
18     0   0.0    0.2     0   0.0     2     0   0.0   0.1696     0    0     2  8.825798e-01   
19     0   0.0    0.2     0   0.0     2     0   0.0   0.3022     0    0     2  6.218391e-01   
20     0   0.0    0.4     0   0.0     2     0   0.0   0.1908     0    0     4  4.529919e-01   
21     0   0.0    0.2     0   0.0     2     0   0.0   0.1702     0    0     4  8.848825e-01   
22     0   0.0    0.4     0   0.0     2     0   0.0   0.2642     0    0     4  6.229253e-01   
23     0   0.0    0.2     0   0.0     2     0   0.0   0.2932     0    0     4  6.524623e-01   
24     0   0.0    0.8     0   1.5     4     0   0.0   0.4402     0    0     4  4.369306e-01   
25     0   0.0    0.0     0   0.0     0     0   0.0   0.2994     0    0     4 4.766390e-315 * 
26     0   0.0    0.0     0   0.0     0     0   0.0   0.1164     0    0     4 1.381265e-124 * 
27     0   0.0    0.0     0   0.0     0     0   0.0   0.0278     0    0     2  2.724264e-32 * 
28     0   0.0    0.0     0   0.0     0     0   0.0   0.0066     0    0     2  8.983696e-09 * 
29     0   0.0    0.0     0   0.0     0     0   0.0   0.0012     0    0     2  1.429858e-02 * 
30     0   0.0    0.0     0   0.0     0     0   0.0   0.0002     0    0     2  3.173347e-01   

> gfl$geodesic
    o.min    o.q1   o.mean  o.med     o.q3  o.max s.min     s.q1      s.mean  s.med     s.q3  s.max       Pr(>z)  .
1     524   933.0   1458.4   1525   1996.5   2190   508    892.0   1435.7708   1445   1944.0   2286 9.104442e-01   
2    1560  3616.0   8990.6   8568  14182.0  16898  1590   3618.0   8679.5764   7391  12944.0  18602 8.727287e-01   
3    2590  6509.0  21066.6  17717  34580.5  45396  2908   7769.5  21059.6848  16776  29980.5  52844 9.989754e-01   
4    4062 10850.5  35722.0  30478  59357.0  75830  4184  12256.5  34400.8428  27633  49860.0  84424 8.850586e-01   
5    3586 11973.5  32110.4  28083  51905.0  65272  3340  10821.5  27452.1278  24094  42314.0  64692 5.460001e-01   
6    2294  8667.0  13462.4  14893  18420.5  22230  1514   6058.0  10562.4722  11694  14112.5  23174 2.087382e-01   
7     276   731.5   3745.8   4106   5984.0   7884    34   1264.0   2933.8828   2911   4342.5   8758 4.058054e-01   
8       0   110.0   1465.0   1666   2464.5   3062     0    309.5    825.0572    700   1178.0   4422 1.471512e-01   
9       0    40.5    432.2    468    653.0   1028     0     26.0    193.3212    120    286.0   1634 8.244351e-02   
10      0     6.5    116.0    101    158.0    364     0      0.0     41.8920     10     48.0   1006 9.132141e-02   
11      0     0.0     24.4      5     51.0     90     0      0.0      8.2628      0      4.0    622 1.606633e-01   
12      0     0.0      0.0      0      0.0      0     0      0.0      1.6514      0      0.0    444 5.800017e-37 * 
13      0     0.0      0.0      0      0.0      0     0      0.0      0.3790      0      0.0    254 4.348784e-12 * 
14      0     0.0      0.0      0      0.0      0     0      0.0      0.0814      0      0.0     82 1.246711e-06 * 
15      0     0.0      0.0      0      0.0      0     0      0.0      0.0144      0      0.0     26 3.171210e-04 * 
16      0     0.0      0.0      0      0.0      0     0      0.0      0.0014      0      0.0      6 5.219911e-02   
Inf 60172 97118.0 163898.2 172645 230265.5 265660 55440 122884.0 174896.9816 185744 236906.0 266168 6.677898e-01   